ITEM_INSTANCE_TRAN_ID,AREA_ID,AREA_NAME,ITEM_ID,ITEM_NAME,FORM_STATUS,AREA_ACTIVE_STATUS,FORM_ACTIVE_STATUS,FORM_URL,ITEM_CATEGORY_ID,CATEGORY_NAME,CATEGORY_ACTIVE_STATUS,DESCRIPTION,CATEGORY_SECTION_SCORE,CATEGORY_SECTION_POINTS_AVAILABLE,ITEM_QUESTION_FIELD_ID,QUESTION_ACTIVE_STATUS,CATEGORY_SECTION_POINTS_EARNED,QUESTION_TEXT,ANSWER,FORM_POINTS_AVAILABLE,FORM_POINTS_EARNED,PRIMARY_OR_SECONDARY,POINTS_NA,FORM_OVERALL_SCORE,QUESTION_POINTS_AVAILABLE_PRIMARY,QUESTION_POINTS_EARNED_PRIMARY,QUESTION_SCORE_PRIMARY,QUESTION_POINTS_AVAILABLE,QUESTION_POINTS_EARNED,QUESTION_SCORE,QUESTION_HAS_IMAGES,QUESTION_IMAGES_URL,ADD_CASE,NOTES,CASE_ID,CREATED_BY_DISPLAY_NAME,CREATED_DATETIME,MODIFIED_BY,MODIFIED_BY_DISPLAY_NAME,MODIFIED_DATETIME,CREATED_BY_SAM,CREATED_BY_BASIC_NAME,CREATED_BY_SUBDEPARTMENT,CREATED_BY_JOB_FUNCTION,CREATED_BY_JOB_TITLE,CREATED_BY_SUPERVISOR_SAM_STATIC,CREATED_BY_SUPERVISOR_DISPLAY_NAME_STATIC,CREATED_BY_SUPERVISOR_SAM_DYNAMIC,CREATED_BY_SUPERVISOR_DISPLAY_NAME_DYNAMIC,Company,Company_EXD_OBJECT_ID,CREATED_BY_EMPLOYEE_STATUS,Company Attendees,ITEM_OWNER,ITEM_OWNER_DISPLAY_NAME,ITEM_STATUS,CREATED_DAY_OF_MONTH,CREATED_DAY_OF_YEAR,FINALIZED_DAY_OF_MONTH,FINALIZED_DAY_OF_YEAR,QUESTION_CASE_CREATED,QUESTION_CASE_URL,QUESTION_CASE_SYSTEM_STATUS,QUESTION_CASE_CASE_TYPE_STATUS,QUESTION_CASE_THRESHOLD,QUESTION_CASE_THRESHOLD_URL,QUESTION_CASE_TITLE,QUESTION_CASE_ASSIGNEE_SAM,QUESTION_CASE_DUE_STATUS,FORM_BLOCKCHAIN_LOG_URL,FORM_TRIGGER_LOG_URL,FORM_PDF_URL,FORM_CASE_CREATED,FORM_CASE_THRESHOLD,FORM_CASE_THRESHOLD_URL,FORM_CASE_URL,FORM_CASE_SYSTEM_STATUS,FORM_CASE_CASE_TYPE_STATUS,FORM_CASE_TITLE,FORM_CASE_ASSIGNEE_SAM,FORM_CASE_DUE_STATUS,CREATED_DATETIME_DATE,CREATED_DATETIME_YEAR,CREATED_DATETIME_MONTH_NUMBER,CREATED_DATETIME_QUARTER,CREATED_DATETIME_YEARMONTH,CREATED_DATETIME_YEARQUARTER,CREATED_DATETIME_DATERANGE,CREATED_DATETIME_WEEK_NUMBER,CREATED_DATETIME_WEEK,CREATED_DATETIME_MONTHS_SINCE,CREATED_DATETIME_WEEKS_SINCE,CREATED_DATETIME_DAYS_SINCE,CREATED_DATETIME_MONTHS_SINCE_CATEGORY,CREATED_DATETIME_MONTH_NAME,CREATED_DATETIME_DAY_OF_WEEK_NAME,FINALIZED_DATETIME_DATE,FINALIZED_DATETIME_YEAR,FINALIZED_DATETIME_MONTH_NUMBER,FINALIZED_DATETIME_QUARTER,FINALIZED_DATETIME_YEARMONTH,FINALIZED_DATETIME_YEARQUARTER,FINALIZED_DATETIME_DATERANGE,FINALIZED_DATETIME_WEEK_NUMBER,FINALIZED_DATETIME_WEEK,FINALIZED_DATETIME_MONTHS_SINCE,FINALIZED_DATETIME_WEEKS_SINCE,FINALIZED_DATETIME_DAYS_SINCE,FINALIZED_DATETIME_MONTHS_SINCE_CATEGORY,FINALIZED_DATETIME_MONTH_NAME,FINALIZED_DATETIME_DAY_OF_WEEK_NAME
700001,100313,Resource Care,100111,Wellness Check-In,Final,N,Y,Shared the updated proposal for review.,100437,Jordan Whitfield,N,,3.0,8.5,100683,N,9.8,How satisfied are you with the service?,"Neutral, watching closely.",8.3,5.9,Alpha,Y,6.3,5.8,9.9,5.2,4.0,4.8,5.0,,,N,,100421,Arjun Mercer,2025-03-07 12:13:00,marco.mensah@acme-fake.test,,2024-09-27 15:48:00,emerson.haddad@sampleco.test,Omar Mercer,,,,marco.calder@sampleco.test,Aisha Garcia,priya.sloan@demomail.test,Emerson Sato,Gamma,100034,N,Standard,taylor.mensah@demomail.test,Diego Patel,N,4243,285,5384,9170,Y,,,,,Aligned on billing and renewal terms.,,chen.cohen@examplecorp.test,,Scheduled a check-in for the coming month.,noah.calder@sampleco.test,morgan.patel@examplecorp.test,N,,,,Beta,,,,,2025-05-05 16:50:00,7763,727,Delta,Beta,Other,Alpha,1783,3088,3633,2489,8533,Gamma,Riley Sato,Yara Calder,2022-10-12 09:57:00,,,,,,,,,,,,,,
700002,100736,Resource Care,100128,Customer Success Check-In,Final,Y,Y,Aligned on billing and renewal terms.,100148,Morgan Costa,Y,,3.4,2.4,100235,N,9.1,Are deliverables meeting expectations?,Exceeding expectations.,8.8,9.1,Beta,N,1.2,3.8,8.4,9.4,7.4,2.8,8.8,,,Y,,100308,Drew Kim,2024-11-23 17:17:00,jordan.silva@acme-fake.test,,2024-07-18 06:50:00,elena.ivanov@examplecorp.test,,,,,liam.larsson@acme-fake.test,Liam Garcia,aisha.okafor@acme-fake.test,Jordan Larsson,Other,100601,N,Delta,yara.ford@demomail.test,Arjun Garcia,N,6299,8883,7302,3427,Y,,,,,Scheduled a check-in for the coming month.,,fatima.dorsey@sampleco.test,,Aligned on billing and renewal terms.,casey.kim@demomail.test,elena.blake@sampleco.test,Y,Other,Noted a concern to revisit at the next sync.,Alpha,,,Mei Whitfield,,,2025-03-11 02:32:00,8285,3089,Beta,Standard,Delta,Beta,8362,4901,2577,1622,6951,Alpha,Quinn Reyes,Sofia Nguyen,2024-08-02 21:48:00,,,,,,,,,,,,,,
700003,100393,Resource Care,100613,Customer Success Check-In,Final,Y,Y,Aligned on billing and renewal terms.,100389,Fatima Dorsey,Y,,4.2,4.5,100132,N,7.4,How satisfied are you with the service?,Exceeding expectations.,1.8,6.0,Gamma,N,3.4,7.2,7.3,5.5,9.7,8.1,8.2,,,Y,,100334,Jamie Mercer,2023-07-17 06:01:00,sofia.mercer@demomail.test,,2023-05-18 15:54:00,jamie.calder@sampleco.test,,,,,casey.blake@examplecorp.test,Quinn Silva,nina.blake@demomail.test,Casey Ivanov,Gamma,100136,Y,Beta,emerson.brooks@sampleco.test,Reese Haddad,N,7098,1254,3051,2634,Y,,,,,Discussed timeline and next steps with the account.,,skyler.okafor@examplecorp.test,,Shared the updated proposal for review.,nina.ashby@demomail.test,chen.okafor@acme-fake.test,Y,,,,,,,,,2023-04-30 07:49:00,6183,2108,Other,Standard,Other,Alpha,5940,8396,3573,2407,618,Other,Riley Mensah,Jordan Garcia,2025-07-26 12:09:00,,,,,,,,,,,,,,
700004,100259,Customer Management,100016,Customer Success Check-In,Final,N,N,Shared the updated proposal for review.,100771,Quinn Ford,N,,8.9,7.5,100200,N,8.7,How satisfied are you with the service?,Exceeding expectations.,8.9,2.3,Other,Y,7.0,7.0,7.8,6.3,8.3,3.8,2.6,,,Y,,100119,Rahul Mensah,2023-12-21 14:37:00,morgan.blake@acme-fake.test,,2026-01-20 07:57:00,avery.costa@sampleco.test,,,Other,Taylor Ford,reese.silva@acme-fake.test,Aisha Ivanov,aisha.cohen@acme-fake.test,Priya Ashby,Standard,100122,Y,Gamma,chen.brooks@acme-fake.test,Avery Ford,N,1192,350,7601,4754,Y,,,,,Noted a concern to revisit at the next sync.,,rahul.rossi@acme-fake.test,,Scheduled a check-in for the coming month.,skyler.mensah@acme-fake.test,yara.mensah@demomail.test,Y,Gamma,,,,,,,Beta,2025-11-19 00:27:00,8297,2053,Other,Beta,Other,Alpha,8810,3760,7392,2963,6903,Delta,Liam Ashby,Morgan Silva,2023-01-10 01:28:00,,,,,,Delta,,,,,,,,
700005,100091,Customer Management,100139,Customer Success Check-In,Final,N,N,Reviewed performance and gathered feedback.,100172,Liam Rossi,N,,6.0,5.6,100535,N,6.6,How is communication with your team?,"Neutral, watching closely.",5.2,9.0,Other,Y,4.9,3.4,9.7,6.1,3.6,4.1,8.2,,,N,,100368,Mei Calder,2023-10-09 19:56:00,alex.larsson@sampleco.test,,2026-02-25 02:01:00,omar.mercer@acme-fake.test,,,,Jordan Patel,sofia.cohen@examplecorp.test,Casey Patel,avery.mensah@demomail.test,Noah Nguyen,Delta,100251,Y,Standard,taylor.ivanov@sampleco.test,Liam Cohen,Y,6312,7939,8143,1512,Y,,,,,Scheduled a check-in for the coming month.,,rowan.okafor@examplecorp.test,,Reviewed performance and gathered feedback.,liam.nguyen@sampleco.test,alex.mensah@demomail.test,Y,,Discussed timeline and next steps with the account.,Other,,,,Alpha,,2023-04-23 21:44:00,1836,9567,Delta,Standard,Alpha,Beta,9674,9585,4255,8668,7839,Gamma,Riley Blake,Diego Ford,2023-11-05 22:47:00,,,,,,,,,,,,,,
700006,100482,Customer Management,100398,Quarterly Review,Final,N,Y,Aligned on billing and renewal terms.,100126,Skyler Nguyen,Y,,9.2,6.6,100348,N,6.9,Are deliverables meeting expectations?,"Neutral, watching closely.",8.8,10.0,Gamma,N,6.5,3.1,3.4,8.9,5.2,8.9,1.3,,,Y,,100424,Rowan Patel,2024-12-16 03:23:00,taylor.haddad@demomail.test,,2025-12-12 08:27:00,marco.nguyen@examplecorp.test,,,,,casey.nguyen@demomail.test,Marco Haddad,yara.cohen@examplecorp.test,Diego Cohen,Standard,100400,Y,Standard,skyler.blake@examplecorp.test,Morgan Brooks,N,5410,5434,1582,1013,N,,,Beta,,Reviewed performance and gathered feedback.,,arjun.costa@demomail.test,,Noted a concern to revisit at the next sync.,reese.brooks@acme-fake.test,sofia.mercer@demomail.test,N,,Discussed timeline and next steps with the account.,Beta,Delta,Standard,Noah Reyes,Alpha,,2024-02-21 10:21:00,6604,6527,Standard,Alpha,Alpha,Delta,3233,9015,1629,9029,2196,Gamma,Sofia Silva,Yara Blake,2024-10-23 12:35:00,,,,,,,3135,,,9133,,,,
700007,100760,Customer Management,100110,Customer Success Check-In,Final,Y,Y,Scheduled a check-in for the coming month.,100429,Yara Cohen,Y,,4.1,4.0,100339,N,5.2,How is communication with your team?,Some concerns about turnaround time.,2.1,1.9,Beta,N,4.4,7.3,9.4,8.3,6.0,9.1,7.9,,,Y,,100546,Jamie Reyes,2024-07-22 04:35:00,elena.brooks@sampleco.test,,2024-12-30 21:33:00,priya.silva@acme-fake.test,,,Other,,priya.larsson@sampleco.test,Diego Brooks,priya.ivanov@sampleco.test,Rahul Ivanov,Delta,100607,Y,Beta,jamie.nguyen@sampleco.test,Rahul Larsson,Y,3492,7170,4087,3550,Y,,,,,Discussed timeline and next steps with the account.,,aisha.silva@examplecorp.test,,Reviewed performance and gathered feedback.,diego.sloan@examplecorp.test,arjun.ford@demomail.test,N,,Scheduled a check-in for the coming month.,,,Gamma,,,,2023-09-23 07:01:00,1963,867,Gamma,Delta,Standard,Gamma,5809,1257,9223,4434,8715,Delta,Reese Blake,Chen Sato,2023-03-26 03:05:00,,,,,,,,,,,,,,
700008,100298,Resource Care,100267,Customer Success Check-In,Final,N,N,Resolved the outstanding question about scope.,100542,Diego Mensah,Y,,1.8,8.6,100759,N,9.4,How likely are you to continue the engagement?,"Going well, minor tweaks needed.",2.7,8.1,Delta,Y,1.9,6.7,2.2,3.3,9.9,6.8,4.0,,,Y,,100440,Rahul Kim,2025-11-05 07:20:00,aisha.vance@demomail.test,,2025-03-12 14:50:00,chen.haddad@acme-fake.test,,,,,aisha.kim@sampleco.test,Arjun Larsson,priya.silva@demomail.test,Reese Calder,Gamma,100753,N,Beta,arjun.nguyen@examplecorp.test,Marco Ford,Y,7229,3796,8528,5436,N,,,,Delta,Aligned on billing and renewal terms.,,aisha.cohen@sampleco.test,,Aligned on billing and renewal terms.,sofia.mensah@examplecorp.test,morgan.mercer@acme-fake.test,N,,,Gamma,Standard,Standard,,,,2025-04-08 05:39:00,8663,6192,Beta,Gamma,Beta,Gamma,5745,447,3478,8954,7233,Standard,Alex Reyes,Nina Garcia,2023-09-11 09:38:00,,,,,,,,,,,,,,
700009,100042,Resource Care,100139,Quarterly Review,Final,Y,N,Followed up on the open items from last week.,100168,Fatima Blake,N,,1.4,1.9,100772,N,2.4,How is communication with your team?,Happy with the progress.,5.6,4.5,Standard,N,4.8,6.6,4.4,6.4,3.9,8.3,6.8,,,N,,100151,Priya Rossi,2023-10-16 23:59:00,elena.patel@acme-fake.test,,2025-03-16 09:20:00,elena.nguyen@acme-fake.test,,,Other,,noah.blake@sampleco.test,Morgan Rossi,reese.blake@examplecorp.test,Marco Reyes,Delta,100462,N,Other,noah.mensah@acme-fake.test,Rowan Okafor,N,7487,2472,1086,2024,Y,,,Delta,,Followed up on the open items from last week.,,liam.nguyen@sampleco.test,,Shared the updated proposal for review.,alex.ford@sampleco.test,jamie.ford@sampleco.test,Y,Standard,,Other,,,,,,2024-04-11 15:55:00,1778,9811,Beta,Delta,Other,Gamma,3292,602,7191,3417,3870,Standard,Reese Rossi,Morgan Larsson,2023-05-09 06:29:00,,,,,,,,,,,,,,
700010,100370,Resource Care,100259,Wellness Check-In,Final,N,Y,Aligned on billing and renewal terms.,100336,Jordan Larsson,N,,6.4,6.7,100624,Y,2.8,Any concerns we should address?,Exceeding expectations.,8.7,4.0,Other,N,5.5,3.6,5.0,8.7,5.3,6.4,6.0,,,Y,,100434,Rahul Kim,2023-01-29 17:08:00,jordan.okafor@examplecorp.test,,2024-07-17 03:49:00,elena.ivanov@acme-fake.test,Avery Rossi,,,,reese.nguyen@sampleco.test,Nina Whitfield,morgan.ashby@sampleco.test,Taylor Rossi,Beta,100141,Y,Delta,morgan.garcia@acme-fake.test,Jordan Silva,Y,1996,3016,6143,4343,Y,,,,,Aligned on billing and renewal terms.,,jordan.patel@sampleco.test,,Noted a concern to revisit at the next sync.,skyler.cohen@acme-fake.test,riley.kim@demomail.test,N,,Discussed timeline and next steps with the account.,,,,,,,2024-09-10 15:29:00,4741,9640,Standard,Beta,Other,Beta,7950,465,7234,3019,7793,Delta,Nina Ivanov,Fatima Silva,2026-03-31 13:28:00,,,,,,,,,,,,,,
700011,100738,Resource Care,100185,Wellness Check-In,Final,N,Y,Resolved the outstanding question about scope.,100182,Liam Vance,N,,2.9,4.7,100628,Y,7.8,How is communication with your team?,Happy with the progress.,5.8,2.6,Delta,Y,7.8,7.2,7.6,3.4,9.4,4.4,3.4,,,Y,,100415,Fatima Calder,2026-01-22 14:50:00,avery.rossi@acme-fake.test,,2024-03-15 01:39:00,yara.silva@acme-fake.test,,,,,avery.mensah@sampleco.test,Rahul Costa,taylor.brooks@acme-fake.test,Sofia Ashby,Beta,100492,N,Other,elena.garcia@acme-fake.test,Quinn Sato,N,7778,4219,4173,9653,N,,,Alpha,,Discussed timeline and next steps with the account.,,chen.ivanov@demomail.test,,Shared the updated proposal for review.,fatima.brooks@demomail.test,omar.ashby@examplecorp.test,Y,,Resolved the outstanding question about scope.,,,,,,,2022-10-14 23:23:00,8241,589,Alpha,Beta,Standard,Beta,8522,9051,4106,6194,3945,Standard,Fatima Haddad,Noah Calder,2023-02-12 03:16:00,,,,,,,,,,,,,,
700012,100490,Customer Management,100447,Quarterly Review,Final,N,Y,Followed up on the open items from last week.,100161,Fatima Whitfield,Y,,8.1,9.3,100026,N,7.0,How is communication with your team?,Exceeding expectations.,4.8,9.6,Gamma,Y,9.6,6.6,9.2,3.2,5.0,1.1,7.6,,,Y,,100331,Rowan Whitfield,2024-12-31 11:33:00,omar.haddad@sampleco.test,,2024-03-09 07:05:00,reese.reyes@acme-fake.test,,,,,omar.kim@examplecorp.test,Aisha Mercer,liam.patel@acme-fake.test,Drew Cohen,Beta,100440,Y,Gamma,jordan.cohen@demomail.test,Yara Nguyen,N,9099,3158,5681,3963,N,Delta,,,,Noted a concern to revisit at the next sync.,,morgan.mercer@examplecorp.test,,Followed up on the open items from last week.,casey.kim@acme-fake.test,mei.vance@acme-fake.test,Y,,,Alpha,,,,,,2024-10-10 22:38:00,2808,7174,Beta,Other,Gamma,Beta,9798,8798,8499,9269,8317,Beta,Emerson Calder,Morgan Whitfield,2023-02-06 16:46:00,,,Standard,,,,,,,,,,,
700013,100310,Resource Care,100670,Quarterly Review,Final,Y,N,Aligned on billing and renewal terms.,100551,Taylor Larsson,Y,,4.1,8.5,100141,N,9.0,How likely are you to continue the engagement?,"Going well, minor tweaks needed.",5.3,1.6,Gamma,Y,5.9,7.8,5.5,7.2,2.3,7.0,9.7,,,Y,,100331,Yara Sloan,2024-01-01 12:05:00,chen.patel@sampleco.test,,2022-12-17 09:42:00,reese.nguyen@demomail.test,Reese Blake,,,,yara.dorsey@examplecorp.test,Jordan Whitfield,rowan.mercer@sampleco.test,Quinn Kim,Alpha,100708,Y,Beta,avery.ashby@examplecorp.test,Nina Mercer,N,1038,2046,9620,4850,Y,,,,,Followed up on the open items from last week.,,chen.sloan@examplecorp.test,,Discussed timeline and next steps with the account.,jordan.reyes@sampleco.test,skyler.ashby@acme-fake.test,Y,Gamma,,,,,,Standard,,2024-10-14 08:04:00,6555,6733,Standard,Beta,Other,Standard,431,1653,1173,2457,3175,Other,Mei Ashby,Casey Vance,2026-03-19 09:28:00,,,,,,,,,,,,,,
700014,100684,Resource Care,100224,Wellness Check-In,Final,N,Y,Aligned on billing and renewal terms.,100056,Aisha Vance,N,,1.8,6.7,100156,Y,9.7,Are deliverables meeting expectations?,Some concerns about turnaround time.,9.3,2.3,Beta,Y,4.6,6.9,1.3,3.3,2.2,9.5,3.2,,,N,,100213,Rahul Ashby,2024-05-09 09:08:00,drew.okafor@examplecorp.test,,2025-01-01 15:03:00,mei.kim@sampleco.test,,,,,priya.ashby@acme-fake.test,Morgan Sloan,avery.cohen@sampleco.test,Taylor Rossi,Beta,100206,N,Other,sofia.larsson@sampleco.test,Quinn Ford,Y,4790,6381,9719,5114,N,,,,,Noted a concern to revisit at the next sync.,,omar.blake@examplecorp.test,,Shared the updated proposal for review.,sofia.ivanov@examplecorp.test,arjun.ashby@demomail.test,Y,,Noted a concern to revisit at the next sync.,,,,,,,2023-05-27 01:31:00,4497,2508,Gamma,Beta,Beta,Gamma,2446,2821,4947,7496,2297,Gamma,Fatima Patel,Morgan Blake,2025-05-20 10:09:00,,,,,,,,,,,,,,
700015,100772,Resource Care,100526,Quarterly Review,Final,N,N,Shared the updated proposal for review.,100295,Nina Mercer,Y,,7.1,2.3,100523,N,2.0,How satisfied are you with the service?,"Going well, minor tweaks needed.",7.0,4.3,Alpha,N,9.6,5.0,9.6,1.8,1.5,3.9,3.3,,,Y,,100622,Avery Dorsey,2024-07-03 23:33:00,noah.patel@acme-fake.test,,2024-09-04 06:54:00,skyler.dorsey@acme-fake.test,Diego Sloan,,,,drew.brooks@acme-fake.test,Liam Okafor,reese.haddad@acme-fake.test,Priya Dorsey,Other,100696,Y,Delta,diego.mensah@acme-fake.test,Elena Blake,N,2704,7148,6225,9878,Y,Other,Beta,,,Reviewed performance and gathered feedback.,,nina.sloan@demomail.test,,Shared the updated proposal for review.,yara.silva@examplecorp.test,priya.mensah@demomail.test,Y,,,,,,Rowan Mensah,,,2023-08-06 13:17:00,8521,4270,Gamma,Gamma,Gamma,Other,9703,5426,3059,120,3573,Beta,Marco Whitfield,Nina Blake,2025-12-14 22:21:00,2842,,,,,,,,,,,,,
700016,100485,Customer Management,100265,Quarterly Review,Draft,N,N,Scheduled a check-in for the coming month.,100189,Sofia Sloan,Y,,4.5,9.9,100184,N,4.6,How is communication with your team?,Very satisfied overall.,4.5,3.5,Delta,N,8.5,5.7,6.5,9.3,3.5,4.8,1.9,,,N,,100641,Omar Whitfield,2025-03-31 04:05:00,sofia.blake@sampleco.test,,2025-11-25 00:20:00,chen.ivanov@acme-fake.test,,,,,rahul.mensah@examplecorp.test,Quinn Mercer,fatima.kim@examplecorp.test,Chen Ford,Delta,100208,Y,Delta,omar.calder@demomail.test,Emerson Blake,Y,670,8479,9062,2730,N,,,,,Followed up on the open items from last week.,,reese.ford@sampleco.test,,Discussed timeline and next steps with the account.,avery.brooks@demomail.test,quinn.silva@acme-fake.test,N,Beta,,,Beta,Other,,Standard,,2025-08-13 07:56:00,3956,7409,Beta,Beta,Delta,Alpha,7387,7705,2940,7675,6120,Beta,Omar Haddad,Alex Reyes,2026-05-14 18:30:00,,,,,,,4540,,,,,,,
700017,100759,Resource Care,100793,Wellness Check-In,Final,N,Y,Followed up on the open items from last week.,100177,Yara Reyes,Y,,5.8,8.5,100200,N,1.1,How is communication with your team?,"Neutral, watching closely.",1.8,1.9,Other,N,7.7,5.7,2.4,1.7,9.9,1.1,6.4,,,N,,100704,Alex Mensah,2025-03-24 05:23:00,alex.sloan@acme-fake.test,,2023-08-20 07:19:00,diego.mensah@examplecorp.test,,,,,fatima.sloan@demomail.test,Omar Vance,diego.blake@acme-fake.test,Elena Sloan,Standard,100551,Y,Gamma,sofia.larsson@examplecorp.test,Skyler Vance,Y,5053,6377,4505,8572,N,,,,,Noted a concern to revisit at the next sync.,,liam.nguyen@sampleco.test,,Noted a concern to revisit at the next sync.,aisha.silva@sampleco.test,fatima.nguyen@acme-fake.test,N,,Followed up on the open items from last week.,,,Gamma,,,,2025-06-16 19:20:00,3940,3106,Gamma,Beta,Standard,Standard,3423,1743,3710,4205,6788,Alpha,Marco Mensah,Morgan Cohen,2025-09-11 19:20:00,,,,,,,,,,,,Other,,
700018,100413,Customer Management,100616,Customer Success Check-In,Final,N,N,Discussed timeline and next steps with the account.,100076,Mei Nguyen,Y,,2.3,2.8,100398,Y,1.7,How is communication with your team?,Some concerns about turnaround time.,3.2,9.7,Other,Y,9.9,3.6,7.6,3.9,6.5,7.2,8.6,,,N,,100363,Drew Sloan,2025-09-12 21:30:00,jamie.silva@acme-fake.test,,2023-12-17 10:05:00,arjun.calder@demomail.test,Skyler Brooks,,Standard,Jamie Vance,chen.silva@demomail.test,Sofia Nguyen,fatima.sato@demomail.test,Omar Patel,Alpha,100164,Y,Other,avery.larsson@examplecorp.test,Drew Sloan,Y,9513,2075,8875,978,Y,,,,,Followed up on the open items from last week.,,aisha.garcia@acme-fake.test,,Resolved the outstanding question about scope.,casey.whitfield@acme-fake.test,aisha.costa@acme-fake.test,N,,,,,,,,Gamma,2024-07-15 06:44:00,6412,6846,Standard,Alpha,Standard,Beta,6063,1187,9291,847,8794,Gamma,Noah Mercer,Morgan Larsson,2024-08-08 04:36:00,,,,,,,,,,,,,,
700019,100267,Resource Care,100445,Customer Success Check-In,Final,Y,Y,Scheduled a check-in for the coming month.,100712,Quinn Sloan,Y,,6.0,9.2,100216,Y,7.9,Any concerns we should address?,Some concerns about turnaround time.,4.1,8.3,Delta,Y,8.7,6.7,7.7,9.9,3.2,3.4,5.7,,,N,,100205,Drew Ashby,2024-11-17 06:43:00,chen.haddad@examplecorp.test,,2022-11-28 00:19:00,chen.mercer@demomail.test,Noah Larsson,,,Elena Dorsey,drew.nguyen@acme-fake.test,Emerson Whitfield,priya.kim@acme-fake.test,Quinn Calder,Delta,100003,N,Beta,jordan.costa@demomail.test,Taylor Garcia,Y,1658,1678,4412,1019,N,,,,,Shared the updated proposal for review.,,quinn.vance@sampleco.test,,Reviewed performance and gathered feedback.,noah.haddad@sampleco.test,quinn.costa@examplecorp.test,N,,,Other,,,,,Alpha,2025-10-11 14:51:00,1984,4108,Alpha,Delta,Other,Beta,7518,264,7557,7500,1225,Alpha,Omar Brooks,Reese Vance,2022-12-19 14:56:00,,,Alpha,,,,,,,,,,,
700020,100445,Resource Care,100467,Quarterly Review,Final,N,N,Reviewed performance and gathered feedback.,100413,Noah Brooks,Y,,1.3,3.2,100334,N,4.7,Any concerns we should address?,"Going well, minor tweaks needed.",9.3,2.5,Standard,N,4.8,4.1,4.0,8.0,3.7,7.9,5.0,,,Y,,100692,Marco Okafor,2026-01-19 23:51:00,casey.calder@examplecorp.test,,2024-07-12 09:15:00,emerson.kim@demomail.test,,,,,rowan.garcia@acme-fake.test,Elena Kim,morgan.calder@demomail.test,Arjun Silva,Alpha,100469,N,Other,arjun.haddad@demomail.test,Arjun Blake,Y,8737,3628,1238,2111,N,,,,,Shared the updated proposal for review.,,yara.mensah@acme-fake.test,,Reviewed performance and gathered feedback.,chen.garcia@acme-fake.test,yara.ashby@examplecorp.test,Y,Delta,,,Beta,,Morgan Calder,,,2024-04-29 05:02:00,6647,2718,Beta,Gamma,Gamma,Delta,7955,8577,588,2729,4765,Alpha,Arjun Kim,Chen Ford,2026-06-11 21:51:00,,,,,,,,,,,,,,
700021,100172,Resource Care,100334,Customer Success Check-In,Final,Y,N,Followed up on the open items from last week.,100336,Omar Reyes,Y,,8.3,9.1,100334,Y,8.4,How is communication with your team?,"Neutral, watching closely.",1.0,4.6,Standard,N,5.0,3.8,2.4,8.3,6.7,8.9,3.2,,,Y,,100041,Morgan Mensah,2024-03-03 10:39:00,marco.nguyen@demomail.test,,2025-12-08 11:53:00,aisha.rossi@acme-fake.test,,,,,omar.brooks@sampleco.test,Alex Brooks,liam.cohen@acme-fake.test,Morgan Mensah,Delta,100469,Y,Alpha,priya.mercer@sampleco.test,Emerson Kim,Y,4240,461,4908,8540,Y,,,,,Resolved the outstanding question about scope.,,chen.patel@sampleco.test,,Reviewed performance and gathered feedback.,priya.kim@acme-fake.test,marco.brooks@sampleco.test,N,,Reviewed performance and gathered feedback.,,Delta,,,,,2022-10-30 09:18:00,5666,8343,Beta,Delta,Delta,Gamma,3252,4707,4897,5916,8614,Standard,Avery Brooks,Jordan Kim,2023-01-03 05:22:00,,,,,,,,,,,,,,
700022,100576,Resource Care,100267,Customer Success Check-In,Final,Y,N,Aligned on billing and renewal terms.,100301,Rahul Dorsey,N,,3.0,4.8,100459,N,1.3,How likely are you to continue the engagement?,Some concerns about turnaround time.,3.0,6.9,Other,N,4.5,8.8,2.7,8.3,1.8,5.4,8.0,,,N,,100771,Quinn Nguyen,2025-07-07 03:56:00,elena.ford@demomail.test,,2025-01-06 16:48:00,nina.larsson@acme-fake.test,,,,,jamie.rossi@demomail.test,Alex Ashby,casey.sato@sampleco.test,Morgan Ford,Delta,100637,N,Alpha,fatima.dorsey@sampleco.test,Jamie Larsson,N,4112,253,658,1322,Y,,,,,Followed up on the open items from last week.,,sofia.blake@sampleco.test,,Resolved the outstanding question about scope.,casey.sloan@sampleco.test,reese.ford@acme-fake.test,N,,,,Gamma,,Marco Larsson,,,2026-07-13 14:11:00,5923,695,Other,Alpha,Standard,Alpha,3656,6730,7829,2839,7507,Other,Sofia Ivanov,Noah Vance,2023-08-30 05:20:00,,,,,,,,,,,,,,
700023,100388,Customer Management,100767,Wellness Check-In,Draft,N,Y,Discussed timeline and next steps with the account.,100474,Rahul Nguyen,Y,,8.7,7.4,100634,Y,8.3,How satisfied are you with the service?,Some concerns about turnaround time.,5.5,5.6,Beta,Y,1.9,3.3,7.1,3.5,2.0,7.9,4.7,,,N,,100126,Elena Mensah,2025-05-03 13:32:00,avery.silva@demomail.test,,2023-07-28 22:19:00,yara.patel@sampleco.test,Liam Kim,,,Chen Kim,skyler.cohen@demomail.test,Jamie Whitfield,emerson.nguyen@acme-fake.test,Morgan Patel,Delta,100309,N,Gamma,fatima.garcia@examplecorp.test,Chen Mensah,Y,4033,2066,4556,1589,Y,Other,,,,Followed up on the open items from last week.,,rowan.mensah@demomail.test,,Shared the updated proposal for review.,riley.mensah@sampleco.test,riley.blake@examplecorp.test,N,,,,Standard,,Jordan Ivanov,Standard,,2026-04-12 12:25:00,6232,6365,Delta,Gamma,Beta,Beta,5697,3436,3211,2058,9441,Delta,Jamie Calder,Rowan Vance,2025-05-27 17:47:00,,,,,,,,,,,,,,
700024,100282,Customer Management,100658,Quarterly Review,Final,N,N,Shared the updated proposal for review.,100487,Casey Haddad,N,,6.8,5.8,100180,Y,4.7,How likely are you to continue the engagement?,Some concerns about turnaround time.,1.5,9.0,Gamma,Y,7.4,3.9,7.1,8.9,8.4,6.0,2.8,,,N,,100516,Priya Kim,2022-12-01 19:57:00,taylor.vance@demomail.test,,2026-02-23 15:40:00,jordan.whitfield@examplecorp.test,Taylor Nguyen,,Beta,,aisha.cohen@acme-fake.test,Noah Rossi,skyler.patel@acme-fake.test,Taylor Kim,Delta,100177,Y,Beta,skyler.vance@examplecorp.test,Fatima Garcia,Y,896,9205,5531,8860,N,,,,,Aligned on billing and renewal terms.,,mei.sloan@demomail.test,,Noted a concern to revisit at the next sync.,sofia.garcia@demomail.test,priya.mensah@sampleco.test,N,,Noted a concern to revisit at the next sync.,,Gamma,,,,,2025-05-23 05:11:00,2911,9301,Standard,Gamma,Standard,Standard,9540,8939,5130,6735,5809,Gamma,Reese Costa,Fatima Patel,2026-02-24 00:54:00,,,,,,,,,,,,,,
700025,100216,Customer Management,100591,Customer Success Check-In,Final,Y,Y,Scheduled a check-in for the coming month.,100128,Reese Mensah,Y,,1.9,6.6,100494,Y,5.3,How likely are you to continue the engagement?,Exceeding expectations.,3.2,6.5,Beta,N,5.4,9.4,3.4,8.6,6.3,4.7,5.5,,,N,,100726,Rowan Nguyen,2025-01-25 15:35:00,quinn.reyes@demomail.test,,2025-09-07 16:53:00,elena.kim@demomail.test,,,,,nina.brooks@sampleco.test,Noah Calder,chen.ivanov@demomail.test,Diego Costa,Beta,100136,Y,Delta,marco.calder@acme-fake.test,Casey Sloan,N,5088,8327,8722,6352,N,,,,,Resolved the outstanding question about scope.,,quinn.cohen@acme-fake.test,,Discussed timeline and next steps with the account.,diego.reyes@sampleco.test,jordan.nguyen@sampleco.test,Y,,,,,Other,,,,2022-12-13 20:09:00,3808,9817,Delta,Other,Other,Other,5728,8121,6683,2582,9530,Other,Priya Rossi,Rowan Vance,2026-04-16 06:03:00,,,,,,,,,,,,,,
700026,100309,Customer Management,100136,Quarterly Review,Draft,N,Y,Scheduled a check-in for the coming month.,100380,Arjun Whitfield,N,,7.7,4.3,100267,Y,3.9,How is communication with your team?,Very satisfied overall.,2.2,2.0,Gamma,N,6.0,3.5,1.5,2.8,9.8,7.6,1.5,,,N,,100771,Rahul Okafor,2026-07-18 15:45:00,arjun.dorsey@demomail.test,,2023-06-23 07:46:00,aisha.mercer@acme-fake.test,,,Delta,,liam.dorsey@demomail.test,Avery Mercer,marco.reyes@demomail.test,Diego Haddad,Beta,100759,N,Alpha,mei.ashby@sampleco.test,Skyler Cohen,N,6774,5337,4732,9788,N,,,,,Aligned on billing and renewal terms.,,alex.brooks@demomail.test,,Aligned on billing and renewal terms.,noah.ashby@demomail.test,sofia.cohen@acme-fake.test,N,,Followed up on the open items from last week.,,Gamma,,,,,2025-09-20 06:59:00,238,644,Gamma,Beta,Gamma,Alpha,8597,3184,5183,9222,3219,Gamma,Quinn Reyes,Omar Kim,2026-02-02 13:29:00,,,,,,,,,,,4477,,,
700027,100535,Resource Care,100473,Wellness Check-In,Draft,N,N,Noted a concern to revisit at the next sync.,100255,Elena Dorsey,Y,,7.0,6.7,100753,N,6.8,Are deliverables meeting expectations?,Happy with the progress.,9.4,4.9,Delta,N,1.4,5.4,4.7,6.5,3.8,6.0,3.3,,,N,,100169,Chen Whitfield,2023-05-05 01:13:00,priya.rossi@sampleco.test,,2025-06-21 22:05:00,rowan.whitfield@examplecorp.test,,,,,diego.dorsey@demomail.test,Rahul Mensah,avery.patel@demomail.test,Jordan Cohen,Beta,100041,N,Gamma,elena.nguyen@sampleco.test,Fatima Sato,N,686,7962,6207,2057,Y,,,,,Noted a concern to revisit at the next sync.,,riley.mensah@demomail.test,,Shared the updated proposal for review.,casey.ivanov@acme-fake.test,arjun.vance@examplecorp.test,Y,,Discussed timeline and next steps with the account.,,,,Yara Nguyen,,Alpha,2025-06-07 02:48:00,8466,2480,Beta,Delta,Alpha,Gamma,9245,3296,9809,5093,6551,Gamma,Noah Mensah,Elena Ashby,2024-05-25 05:32:00,,2916,,,,,,,,,,,,
700028,100243,Resource Care,100500,Wellness Check-In,Final,Y,N,Resolved the outstanding question about scope.,100151,Taylor Sloan,N,,4.2,7.2,100479,Y,3.3,How is communication with your team?,Happy with the progress.,10.0,9.6,Other,N,3.7,5.0,1.0,1.9,5.7,3.6,6.0,,,N,,100012,Nina Silva,2026-06-25 14:26:00,quinn.mercer@demomail.test,,2024-07-24 05:54:00,yara.mensah@examplecorp.test,,,,Drew Brooks,rowan.vance@sampleco.test,Rowan Rossi,jamie.nguyen@sampleco.test,Jordan Okafor,Delta,100080,Y,Standard,jordan.haddad@examplecorp.test,Yara Okafor,Y,2960,6492,5735,8115,N,,,,,Reviewed performance and gathered feedback.,,nina.larsson@acme-fake.test,,Noted a concern to revisit at the next sync.,quinn.patel@acme-fake.test,rahul.vance@examplecorp.test,Y,Other,Reviewed performance and gathered feedback.,,,Alpha,,,,2025-06-23 10:17:00,3743,5785,Gamma,Standard,Beta,Other,4118,7217,9639,4808,8525,Beta,Omar Whitfield,Chen Okafor,2024-04-18 02:01:00,,,,,,,,,,,,,,
700029,100503,Customer Management,100705,Wellness Check-In,Final,Y,N,Aligned on billing and renewal terms.,100313,Arjun Mensah,Y,,10.0,2.0,100767,N,3.1,How is communication with your team?,Some concerns about turnaround time.,6.2,7.6,Alpha,Y,8.1,5.7,7.6,2.3,3.2,7.5,2.8,,,Y,,100684,Marco Rossi,2024-08-03 11:35:00,nina.calder@demomail.test,,2023-10-23 13:05:00,priya.nguyen@sampleco.test,,,,,mei.silva@acme-fake.test,Riley Ford,rahul.sloan@demomail.test,Marco Ford,Standard,100060,Y,Standard,sofia.rossi@demomail.test,Nina Sato,N,8295,652,4588,8734,Y,,,,,Followed up on the open items from last week.,,rowan.ford@examplecorp.test,,Resolved the outstanding question about scope.,rowan.haddad@acme-fake.test,chen.calder@examplecorp.test,Y,,,,,,,Standard,,2024-10-03 18:00:00,7140,1441,Delta,Other,Alpha,Gamma,771,3559,1387,2007,6667,Other,Rowan Rossi,Nina Garcia,2025-07-02 08:48:00,,,,,,,,,,,,,,
700030,100616,Resource Care,100494,Quarterly Review,Final,Y,Y,Followed up on the open items from last week.,100664,Sofia Reyes,Y,,5.6,6.3,100641,N,6.0,How satisfied are you with the service?,Exceeding expectations.,1.7,5.2,Standard,Y,5.5,1.6,1.0,1.1,9.4,3.7,3.8,,,Y,,100165,Drew Whitfield,2024-05-24 01:50:00,fatima.sato@examplecorp.test,,2026-06-30 17:59:00,quinn.brooks@examplecorp.test,,,Alpha,,rahul.ashby@examplecorp.test,Reese Reyes,liam.blake@demomail.test,Liam Blake,Alpha,100269,N,Gamma,avery.ashby@acme-fake.test,Reese Silva,Y,6166,886,9863,7971,N,,,,,Reviewed performance and gathered feedback.,,fatima.costa@sampleco.test,,Discussed timeline and next steps with the account.,marco.mensah@examplecorp.test,aisha.blake@examplecorp.test,N,,,Delta,,,,Other,,2023-04-13 02:22:00,2895,1099,Alpha,Beta,Beta,Other,2978,8025,811,5732,6331,Gamma,Marco Cohen,Mei Brooks,2025-04-04 21:49:00,,,,Alpha,,,,,,,,,,
700031,100459,Resource Care,100117,Quarterly Review,Final,N,Y,Reviewed performance and gathered feedback.,100490,Reese Garcia,Y,,6.4,7.7,100667,Y,2.4,How likely are you to continue the engagement?,Happy with the progress.,3.4,1.4,Standard,N,7.3,2.1,9.3,8.0,4.4,6.4,7.2,,,N,,100015,Jamie Patel,2025-11-25 09:22:00,morgan.vance@sampleco.test,,2026-03-07 03:46:00,omar.cohen@examplecorp.test,,,Alpha,,mei.kim@sampleco.test,Arjun Ashby,aisha.dorsey@examplecorp.test,Skyler Nguyen,Delta,100767,N,Beta,marco.nguyen@sampleco.test,Sofia Ashby,Y,4136,1869,6100,7107,N,,,,,Noted a concern to revisit at the next sync.,,riley.ivanov@acme-fake.test,,Noted a concern to revisit at the next sync.,jamie.larsson@demomail.test,taylor.blake@sampleco.test,N,,,,,Gamma,,Standard,Standard,2026-01-21 22:35:00,5716,254,Delta,Delta,Beta,Other,9287,7630,6116,2088,5696,Gamma,Mei Costa,Taylor Sato,2025-12-07 17:00:00,,,,,,,,,,,,,,
700032,100339,Customer Management,100565,Customer Success Check-In,Final,N,N,Shared the updated proposal for review.,100603,Mei Ivanov,N,,5.8,6.7,100351,N,2.4,How satisfied are you with the service?,"Going well, minor tweaks needed.",8.2,8.3,Alpha,N,2.3,1.8,7.6,9.3,5.5,2.1,5.7,,,Y,,100685,Noah Brooks,2023-12-02 14:14:00,diego.ford@examplecorp.test,,2024-09-23 23:52:00,priya.calder@acme-fake.test,,,,,marco.kim@acme-fake.test,Drew Vance,priya.ford@acme-fake.test,Emerson Mensah,Standard,100217,Y,Standard,arjun.larsson@sampleco.test,Mei Costa,N,9480,3178,1173,5637,Y,,,Beta,,Discussed timeline and next steps with the account.,,morgan.mensah@examplecorp.test,,Resolved the outstanding question about scope.,yara.okafor@sampleco.test,drew.haddad@demomail.test,Y,,Scheduled a check-in for the coming month.,Alpha,,,,,,2026-05-24 09:20:00,1845,3374,Delta,Delta,Gamma,Beta,7461,9886,403,2720,467,Beta,Fatima Ivanov,Elena Ford,2026-06-02 04:37:00,,,,,,,,,,,,,,
700033,100560,Customer Management,100090,Quarterly Review,Final,N,Y,Aligned on billing and renewal terms.,100025,Casey Larsson,N,,8.5,7.7,100421,Y,7.7,Any concerns we should address?,Some concerns about turnaround time.,8.2,1.6,Standard,Y,7.8,4.4,2.0,2.4,7.7,9.2,3.8,,,N,,100158,Priya Garcia,2023-10-23 10:18:00,morgan.brooks@sampleco.test,,2025-10-20 12:59:00,sofia.costa@sampleco.test,,,Gamma,,jamie.rossi@sampleco.test,Taylor Silva,omar.mensah@examplecorp.test,Sofia Cohen,Standard,100770,Y,Other,alex.costa@examplecorp.test,Arjun Ashby,Y,5874,8025,5143,1602,Y,,,,,Followed up on the open items from last week.,,drew.brooks@examplecorp.test,,Resolved the outstanding question about scope.,skyler.blake@sampleco.test,jamie.mercer@examplecorp.test,N,,,,Gamma,Beta,,Other,Standard,2023-07-05 07:24:00,3446,7866,Gamma,Beta,Gamma,Other,5230,7437,5674,3278,9586,Alpha,Elena Larsson,Morgan Okafor,2025-04-20 01:01:00,,,,,,,,,,,,,,
700034,100070,Resource Care,100704,Wellness Check-In,Draft,N,Y,Resolved the outstanding question about scope.,100571,Quinn Patel,Y,,2.1,9.7,100366,N,4.3,How likely are you to continue the engagement?,Some concerns about turnaround time.,3.3,7.7,Beta,N,3.0,3.0,8.2,6.5,6.8,1.3,7.2,,,Y,,100726,Morgan Whitfield,2023-11-06 04:15:00,diego.silva@acme-fake.test,,2024-01-14 04:20:00,quinn.silva@examplecorp.test,,,,,avery.ford@examplecorp.test,Nina Mercer,rowan.sato@examplecorp.test,Reese Costa,Alpha,100694,N,Gamma,elena.mercer@demomail.test,Avery Blake,Y,3927,9600,9844,9463,Y,,,,,Discussed timeline and next steps with the account.,,mei.larsson@acme-fake.test,,Noted a concern to revisit at the next sync.,diego.silva@acme-fake.test,yara.ashby@examplecorp.test,N,,Aligned on billing and renewal terms.,Delta,,Alpha,Quinn Reyes,,,2026-03-15 12:37:00,5156,3220,Gamma,Delta,Other,Delta,7952,2004,5348,1046,9728,Delta,Drew Cohen,Nina Nguyen,2025-10-21 16:58:00,,,,,,,1456,,,,,,,
700035,100030,Customer Management,100535,Wellness Check-In,Final,Y,Y,Reviewed performance and gathered feedback.,100520,Fatima Rossi,Y,,3.7,1.7,100023,N,5.3,How satisfied are you with the service?,Happy with the progress.,4.0,4.2,Gamma,Y,6.8,3.1,1.8,7.4,3.7,9.7,9.9,,,Y,,100559,Priya Haddad,2023-10-20 10:39:00,chen.mensah@acme-fake.test,,2023-07-29 10:35:00,reese.kim@demomail.test,Morgan Okafor,,,Reese Ivanov,quinn.cohen@demomail.test,Arjun Kim,rahul.haddad@acme-fake.test,Chen Patel,Alpha,100782,Y,Other,drew.dorsey@demomail.test,Arjun Ivanov,Y,7302,2774,1722,5534,Y,,,,,Reviewed performance and gathered feedback.,,chen.larsson@demomail.test,,Resolved the outstanding question about scope.,priya.blake@acme-fake.test,priya.cohen@examplecorp.test,Y,,,,,,Chen Blake,,,2025-09-28 05:54:00,4343,9844,Other,Standard,Alpha,Gamma,2630,4330,2925,981,4562,Other,Chen Cohen,Jamie Garcia,2025-03-08 04:10:00,,,,,,,,,2979,,,,,
700036,100568,Resource Care,100262,Customer Success Check-In,Final,N,Y,Noted a concern to revisit at the next sync.,100089,Quinn Mensah,N,,6.1,9.9,100670,Y,2.1,How likely are you to continue the engagement?,Very satisfied overall.,2.9,2.3,Gamma,N,2.8,4.0,9.1,3.8,6.8,9.7,7.7,,,Y,,100516,Avery Ashby,2023-01-15 10:47:00,skyler.ivanov@examplecorp.test,,2025-12-14 16:45:00,alex.haddad@demomail.test,,,,,priya.vance@sampleco.test,Skyler Mensah,arjun.mensah@examplecorp.test,Drew Ashby,Beta,100091,N,Other,jordan.dorsey@demomail.test,Jamie Silva,N,5442,9141,8138,320,N,,,,,Resolved the outstanding question about scope.,,noah.sato@demomail.test,,Reviewed performance and gathered feedback.,nina.reyes@demomail.test,jordan.vance@examplecorp.test,N,,,,,Gamma,,,,2025-09-01 00:51:00,3767,4715,Gamma,Beta,Beta,Standard,7949,2078,2287,3371,4597,Gamma,Mei Dorsey,Jamie Silva,2024-08-05 10:10:00,,,,,,,,,,,,,,
700037,100359,Customer Management,100615,Customer Success Check-In,Final,Y,N,Followed up on the open items from last week.,100079,Omar Cohen,Y,,5.1,5.9,100206,Y,8.0,How satisfied are you with the service?,Very satisfied overall.,6.8,1.6,Other,Y,8.7,7.3,8.7,3.5,1.1,5.9,2.6,,,N,,100464,Quinn Haddad,2023-11-24 11:18:00,morgan.whitfield@demomail.test,,2025-05-31 18:12:00,priya.haddad@acme-fake.test,,,Delta,,elena.reyes@sampleco.test,Liam Nguyen,liam.calder@demomail.test,Rahul Sloan,Gamma,100325,N,Gamma,riley.brooks@examplecorp.test,Liam Vance,N,4606,7560,2486,98,N,,,,,Shared the updated proposal for review.,,casey.sato@acme-fake.test,,Followed up on the open items from last week.,rowan.dorsey@sampleco.test,reese.larsson@sampleco.test,N,,,,Other,,,,,2024-11-21 01:54:00,3056,9896,Delta,Standard,Other,Beta,6596,8707,4919,2581,557,Delta,Elena Larsson,Jordan Rossi,2024-08-31 08:48:00,,,,,,Other,4912,,,,,,,
700038,100535,Resource Care,100684,Customer Success Check-In,Final,Y,Y,Aligned on billing and renewal terms.,100415,Noah Reyes,Y,,7.9,5.2,100628,N,4.9,How likely are you to continue the engagement?,Some concerns about turnaround time.,8.0,3.0,Gamma,N,2.7,8.3,6.0,3.8,1.2,5.6,6.2,,,N,,100646,Avery Sato,2023-11-27 22:11:00,arjun.silva@acme-fake.test,,2024-08-22 15:40:00,aisha.cohen@acme-fake.test,,,,,elena.okafor@demomail.test,Morgan Garcia,chen.larsson@examplecorp.test,Aisha Larsson,Standard,100015,Y,Standard,nina.brooks@examplecorp.test,Liam Rossi,N,1465,2597,7713,6253,Y,,,Beta,,Aligned on billing and renewal terms.,,taylor.whitfield@examplecorp.test,,Noted a concern to revisit at the next sync.,riley.nguyen@demomail.test,jamie.whitfield@demomail.test,N,,,,,Other,,,Beta,2026-07-13 02:31:00,8232,8931,Standard,Beta,Gamma,Other,9031,3976,7672,1900,4619,Gamma,Avery Okafor,Diego Reyes,2025-05-22 20:25:00,,,,,,,,,,,,,,
700039,100527,Resource Care,100322,Quarterly Review,Final,N,N,Shared the updated proposal for review.,100286,Marco Cohen,N,,9.7,7.4,100753,Y,6.5,Any concerns we should address?,"Going well, minor tweaks needed.",4.2,9.0,Gamma,Y,3.6,5.6,4.3,7.0,1.1,2.8,3.5,,,Y,,100391,Arjun Cohen,2025-03-18 00:47:00,drew.whitfield@examplecorp.test,,2025-10-13 02:29:00,priya.cohen@sampleco.test,Liam Rossi,,,,fatima.ivanov@sampleco.test,Nina Calder,emerson.haddad@sampleco.test,Quinn Sloan,Gamma,100410,Y,Alpha,elena.vance@sampleco.test,Jordan Larsson,Y,4314,1513,8330,9282,N,,,,,Shared the updated proposal for review.,,casey.mensah@sampleco.test,,Scheduled a check-in for the coming month.,elena.okafor@demomail.test,liam.whitfield@examplecorp.test,Y,,,,,Other,,,,2025-01-17 16:49:00,9330,6142,Other,Alpha,Alpha,Standard,7722,2239,2448,5547,1230,Alpha,Emerson Calder,Liam Costa,2024-02-28 19:09:00,,,,,,,,,,,,,,
700040,100552,Customer Management,100799,Wellness Check-In,Final,Y,N,Aligned on billing and renewal terms.,100046,Omar Whitfield,N,,8.9,9.0,100371,Y,2.0,How likely are you to continue the engagement?,Happy with the progress.,5.0,7.8,Beta,Y,5.9,7.0,6.7,9.7,4.4,4.2,7.0,,,Y,,100627,Casey Haddad,2026-06-24 13:00:00,reese.blake@sampleco.test,,2025-12-21 14:30:00,reese.ford@demomail.test,,,,Morgan Haddad,skyler.kim@examplecorp.test,Jamie Nguyen,arjun.mensah@sampleco.test,Arjun Reyes,Gamma,100323,N,Delta,sofia.kim@sampleco.test,Jamie Costa,N,1756,3764,4283,6951,Y,,,,,Shared the updated proposal for review.,,aisha.blake@sampleco.test,Delta,Noted a concern to revisit at the next sync.,rahul.vance@examplecorp.test,sofia.vance@demomail.test,Y,Gamma,,,,,Marco Vance,,,2026-01-03 12:16:00,8431,5524,Beta,Alpha,Standard,Gamma,1730,1345,5663,1963,5117,Alpha,Quinn Nguyen,Noah Whitfield,2024-07-15 01:15:00,,,,,,,,,,,,,,
700041,100591,Resource Care,100513,Customer Success Check-In,Final,N,Y,Followed up on the open items from last week.,100712,Nina Kim,Y,,4.2,4.1,100046,Y,6.0,How is communication with your team?,Very satisfied overall.,6.0,2.5,Standard,Y,7.4,6.3,5.9,8.0,1.5,7.2,6.0,,,N,,100520,Casey Vance,2026-03-01 14:50:00,aisha.rossi@demomail.test,,2023-03-28 02:56:00,drew.sloan@demomail.test,Omar Ivanov,,,,sofia.okafor@acme-fake.test,Jordan Garcia,avery.reyes@sampleco.test,Liam Ford,Standard,100449,Y,Delta,quinn.calder@demomail.test,Aisha Patel,Y,7500,4244,974,9070,Y,,,,,Discussed timeline and next steps with the account.,,emerson.nguyen@sampleco.test,,Resolved the outstanding question about scope.,drew.blake@acme-fake.test,elena.garcia@sampleco.test,Y,,,,,,,Beta,,2023-01-19 04:19:00,3432,4894,Beta,Other,Gamma,Alpha,2883,4818,210,7657,1835,Gamma,Skyler Reyes,Drew Garcia,2026-03-24 07:21:00,,,,,,,,,,,,,,
700042,100209,Resource Care,100195,Quarterly Review,Final,Y,Y,Discussed timeline and next steps with the account.,100060,Morgan Cohen,Y,,4.0,8.1,100184,Y,4.7,Any concerns we should address?,Very satisfied overall.,4.9,7.2,Other,Y,5.2,8.7,8.2,6.4,8.8,7.1,8.1,,,N,,100755,Nina Kim,2024-07-05 02:41:00,casey.costa@demomail.test,,2024-09-10 02:28:00,casey.garcia@examplecorp.test,,,Beta,,jamie.mensah@examplecorp.test,Sofia Cohen,quinn.cohen@demomail.test,Liam Okafor,Other,100479,Y,Delta,marco.reyes@sampleco.test,Emerson Mercer,Y,6949,4638,4263,5448,N,,,,,Shared the updated proposal for review.,,casey.haddad@examplecorp.test,,Reviewed performance and gathered feedback.,taylor.sato@sampleco.test,priya.vance@acme-fake.test,N,,,Delta,Gamma,Standard,Diego Whitfield,Gamma,Gamma,2024-11-19 05:18:00,7600,9664,Beta,Gamma,Standard,Alpha,7175,8003,6229,3653,3631,Alpha,Riley Sato,Drew Brooks,2023-08-18 07:08:00,,,,,,,,,,,,,Nina Silva,
700043,100290,Customer Management,100223,Customer Success Check-In,Final,Y,Y,Noted a concern to revisit at the next sync.,100582,Sofia Patel,Y,,3.6,3.8,100189,N,7.1,How is communication with your team?,Some concerns about turnaround time.,1.9,2.9,Gamma,N,1.7,7.2,4.8,7.6,9.4,2.3,8.3,,,Y,,100182,Rahul Nguyen,2026-03-09 17:29:00,chen.silva@demomail.test,,2025-05-23 23:30:00,alex.reyes@sampleco.test,,,,,emerson.sloan@sampleco.test,Rahul Reyes,aisha.okafor@sampleco.test,Elena Ford,Standard,100513,Y,Gamma,chen.blake@examplecorp.test,Casey Silva,Y,1900,8393,6080,2682,N,,,,,Resolved the outstanding question about scope.,,arjun.vance@sampleco.test,,Resolved the outstanding question about scope.,alex.whitfield@demomail.test,morgan.kim@acme-fake.test,Y,,Aligned on billing and renewal terms.,Gamma,,Beta,Drew Whitfield,,Other,2024-11-19 08:45:00,6955,4013,Gamma,Beta,Other,Beta,3042,4561,6560,1424,6078,Delta,Morgan Larsson,Taylor Whitfield,2023-11-06 06:18:00,,,,,,,,,,,,,,
700044,100479,Resource Care,100588,Customer Success Check-In,Final,N,N,Resolved the outstanding question about scope.,100046,Drew Haddad,N,,3.2,1.6,100026,Y,6.0,How likely are you to continue the engagement?,"Neutral, watching closely.",9.6,4.1,Standard,N,6.6,5.7,6.8,6.0,4.3,5.7,3.2,,,Y,,100010,Jordan Nguyen,2023-04-22 06:09:00,jordan.whitfield@acme-fake.test,,2025-01-27 15:30:00,casey.patel@sampleco.test,,,,,skyler.sloan@demomail.test,Noah Whitfield,emerson.calder@sampleco.test,Emerson Ford,Delta,100099,N,Beta,skyler.garcia@acme-fake.test,Diego Calder,N,3109,8699,1370,7741,N,,,,,Followed up on the open items from last week.,,nina.brooks@acme-fake.test,,Aligned on billing and renewal terms.,morgan.brooks@sampleco.test,omar.kim@examplecorp.test,N,Alpha,Resolved the outstanding question about scope.,,,Gamma,,,,2023-03-02 23:19:00,9020,5911,Other,Alpha,Gamma,Other,9415,8967,725,1576,5815,Standard,Quinn Calder,Avery Cohen,2025-12-28 03:28:00,,,,,,,,,,,,,,
700045,100484,Customer Management,100076,Wellness Check-In,Final,N,Y,Scheduled a check-in for the coming month.,100383,Arjun Blake,Y,,9.9,1.6,100177,Y,5.3,How satisfied are you with the service?,Happy with the progress.,9.0,2.4,Alpha,Y,9.3,3.6,7.7,7.3,1.1,9.8,5.3,,,Y,,100788,Jamie Haddad,2025-12-14 21:25:00,taylor.sloan@examplecorp.test,,2026-02-04 00:37:00,chen.blake@acme-fake.test,,,Alpha,,sofia.okafor@acme-fake.test,Liam Mensah,yara.mercer@demomail.test,Taylor Cohen,Delta,100220,N,Alpha,rowan.brooks@demomail.test,Marco Ivanov,Y,7196,6203,7556,2197,Y,,,,,Scheduled a check-in for the coming month.,,taylor.sato@examplecorp.test,,Reviewed performance and gathered feedback.,sofia.brooks@demomail.test,priya.brooks@examplecorp.test,N,,,Gamma,,,,Beta,,2025-07-25 21:55:00,5837,1173,Delta,Beta,Alpha,Alpha,7757,4137,3282,2369,9700,Standard,Omar Sato,Jordan Kim,2026-01-08 11:21:00,,,,,,,,,,,,,,
700046,100546,Resource Care,100539,Quarterly Review,Final,Y,N,Resolved the outstanding question about scope.,100325,Nina Cohen,Y,,4.7,2.1,100259,Y,3.3,How satisfied are you with the service?,"Neutral, watching closely.",1.4,7.7,Alpha,N,4.4,1.2,7.1,9.2,9.4,1.2,3.8,,,Y,,100281,Priya Calder,2023-05-15 07:01:00,sofia.vance@sampleco.test,,2024-09-05 09:23:00,liam.ivanov@demomail.test,Liam Patel,,Standard,Drew Rossi,avery.mercer@sampleco.test,Skyler Patel,fatima.larsson@examplecorp.test,Elena Mercer,Alpha,100017,Y,Delta,casey.vance@acme-fake.test,Omar Sato,N,7585,4269,3590,9867,N,,,,,Reviewed performance and gathered feedback.,,marco.haddad@examplecorp.test,,Aligned on billing and renewal terms.,yara.patel@sampleco.test,arjun.okafor@demomail.test,Y,Gamma,,,,Delta,,Delta,,2026-07-02 22:29:00,3590,1494,Beta,Standard,Gamma,Alpha,7706,4266,2963,1092,5804,Other,Chen Whitfield,Arjun Brooks,2023-06-04 23:22:00,,,,Standard,Beta,,,,,,,Gamma,,
700047,100220,Customer Management,100049,Wellness Check-In,Final,N,N,Shared the updated proposal for review.,100186,Omar Haddad,N,,8.7,8.7,100516,N,8.6,How likely are you to continue the engagement?,"Going well, minor tweaks needed.",5.7,2.4,Gamma,Y,6.4,5.1,2.3,4.6,5.5,4.9,6.4,,,N,,100641,Arjun Blake,2024-08-05 18:23:00,sofia.blake@demomail.test,,2023-04-28 18:36:00,chen.whitfield@demomail.test,,,Alpha,,nina.ford@acme-fake.test,Chen Sato,nina.ivanov@acme-fake.test,Priya Vance,Beta,100692,Y,Standard,alex.sato@sampleco.test,Elena Silva,Y,119,5458,2754,7724,Y,,,,,Resolved the outstanding question about scope.,,morgan.okafor@sampleco.test,,Scheduled a check-in for the coming month.,priya.okafor@sampleco.test,casey.cohen@acme-fake.test,N,,,,Other,,,,,2023-09-16 10:28:00,6466,4653,Delta,Beta,Standard,Standard,2132,5638,5632,159,6662,Standard,Marco Calder,Mei Vance,2026-05-25 22:29:00,,,,,,,,,,,,,,
700048,100543,Resource Care,100242,Customer Success Check-In,Final,Y,N,Noted a concern to revisit at the next sync.,100526,Liam Brooks,N,,8.7,7.3,100031,N,3.4,How satisfied are you with the service?,"Going well, minor tweaks needed.",10.0,8.0,Delta,Y,6.6,1.5,6.4,4.1,7.1,6.4,2.3,,,N,,100139,Skyler Sato,2025-03-14 21:28:00,liam.brooks@acme-fake.test,,2024-12-05 03:04:00,omar.blake@examplecorp.test,Casey Larsson,,Beta,Reese Kim,riley.blake@demomail.test,Casey Mercer,nina.cohen@examplecorp.test,Chen Rossi,Standard,100010,N,Beta,emerson.patel@sampleco.test,Drew Patel,N,8794,7388,5064,9381,Y,,,,,Discussed timeline and next steps with the account.,,casey.okafor@demomail.test,,Noted a concern to revisit at the next sync.,diego.ashby@acme-fake.test,arjun.dorsey@sampleco.test,Y,,,Gamma,,,Jordan Larsson,Gamma,,2023-12-25 05:29:00,8419,2743,Standard,Beta,Standard,Standard,5277,4745,8700,5698,3333,Gamma,Diego Blake,Mei Silva,2023-08-11 08:47:00,,,,Alpha,,,,,,,,,,
700049,100712,Customer Management,100661,Quarterly Review,Draft,Y,Y,Reviewed performance and gathered feedback.,100345,Drew Blake,Y,,7.4,7.3,100543,N,2.3,Any concerns we should address?,Some concerns about turnaround time.,6.2,3.5,Standard,Y,1.7,8.0,2.0,8.3,7.2,9.1,9.6,,,Y,,100288,Rowan Ford,2026-06-24 06:49:00,diego.silva@demomail.test,,2023-05-30 18:24:00,fatima.reyes@sampleco.test,,,Alpha,,omar.ivanov@sampleco.test,Quinn Blake,riley.blake@acme-fake.test,Jamie Ashby,Other,100784,N,Other,casey.dorsey@sampleco.test,Drew Costa,N,5811,1351,366,1538,N,,,,,Followed up on the open items from last week.,,elena.calder@acme-fake.test,,Followed up on the open items from last week.,sofia.nguyen@sampleco.test,alex.ivanov@sampleco.test,N,Beta,,,,,,,,2024-09-30 14:24:00,1109,5260,Alpha,Other,Alpha,Standard,7784,3310,1259,9041,8813,Alpha,Diego Okafor,Rowan Reyes,2024-01-03 03:28:00,,,,,,,,,,,,,,
700050,100720,Customer Management,100186,Customer Success Check-In,Final,Y,Y,Resolved the outstanding question about scope.,100213,Mei Silva,Y,,7.7,8.4,100143,N,9.7,Any concerns we should address?,"Going well, minor tweaks needed.",6.4,2.6,Other,Y,6.6,2.0,4.5,4.6,4.5,4.0,3.7,,,N,,100236,Casey Larsson,2023-12-22 07:01:00,riley.silva@demomail.test,,2026-02-01 14:18:00,chen.rossi@demomail.test,Yara Ford,,,Drew Sloan,arjun.brooks@demomail.test,Skyler Mercer,jordan.whitfield@sampleco.test,Reese Nguyen,Alpha,100759,Y,Beta,reese.kim@examplecorp.test,Sofia Sato,Y,5187,1556,435,6967,Y,,,,,Shared the updated proposal for review.,,taylor.okafor@sampleco.test,,Resolved the outstanding question about scope.,elena.garcia@sampleco.test,riley.reyes@acme-fake.test,N,,,Alpha,,,,Other,,2023-05-27 17:24:00,6167,7009,Gamma,Other,Gamma,Alpha,6774,4864,861,7515,9360,Standard,Sofia Ashby,Priya Brooks,2024-05-25 13:50:00,,,,,,,4155,,,,,,,
700051,100184,Customer Management,100023,Customer Success Check-In,Final,N,Y,Noted a concern to revisit at the next sync.,100410,Reese Sato,N,,5.3,7.3,100559,N,9.9,How is communication with your team?,"Neutral, watching closely.",7.1,7.7,Alpha,N,6.0,1.6,5.3,4.3,6.6,3.2,6.9,,,Y,,100789,Avery Garcia,2024-04-20 08:22:00,arjun.ford@demomail.test,,2024-08-23 20:36:00,drew.sloan@sampleco.test,,,,,skyler.reyes@examplecorp.test,Rowan Ashby,taylor.calder@demomail.test,Emerson Calder,Gamma,100232,N,Other,noah.larsson@examplecorp.test,Chen Calder,N,5770,6447,9919,9530,Y,,,,,Discussed timeline and next steps with the account.,,casey.silva@sampleco.test,,Resolved the outstanding question about scope.,omar.ford@sampleco.test,morgan.ivanov@acme-fake.test,Y,,Followed up on the open items from last week.,,,Delta,,,,2025-07-26 01:45:00,8321,5765,Other,Gamma,Gamma,Standard,6721,6205,3842,5018,5084,Alpha,Mei Reyes,Nina Rossi,2023-11-03 12:12:00,,,,,Beta,,,,,,,,,
700052,100168,Customer Management,100474,Customer Success Check-In,Draft,N,N,Resolved the outstanding question about scope.,100040,Rahul Cohen,N,,7.3,2.4,100625,Y,3.9,Any concerns we should address?,Exceeding expectations.,8.5,6.1,Delta,N,4.3,6.1,5.1,1.6,5.7,8.2,7.6,,,N,,100003,Jamie Ivanov,2023-08-10 04:44:00,alex.blake@acme-fake.test,,2025-07-28 02:25:00,jamie.cohen@demomail.test,,,Other,,drew.okafor@demomail.test,Elena Cohen,morgan.rossi@acme-fake.test,Drew Rossi,Delta,100473,N,Standard,elena.cohen@examplecorp.test,Alex Sato,Y,1245,1048,8507,3277,Y,,,,,Noted a concern to revisit at the next sync.,,mei.rossi@demomail.test,,Scheduled a check-in for the coming month.,arjun.ivanov@acme-fake.test,priya.brooks@examplecorp.test,N,Alpha,,,,,,Alpha,,2026-02-07 20:00:00,475,1386,Delta,Standard,Delta,Standard,9493,5065,5898,809,6677,Delta,Rowan Reyes,Marco Silva,2025-02-23 20:29:00,,,,,,,,,7504,,,,Priya Whitfield,
700053,100126,Resource Care,100314,Customer Success Check-In,Final,Y,Y,Discussed timeline and next steps with the account.,100642,Morgan Rossi,Y,,8.4,8.5,100763,N,8.2,Any concerns we should address?,Exceeding expectations.,9.9,4.3,Delta,Y,1.2,5.5,7.4,9.2,3.1,1.3,9.8,,,N,,100490,Drew Mensah,2024-12-04 07:37:00,omar.silva@examplecorp.test,,2025-09-22 05:01:00,skyler.larsson@acme-fake.test,Alex Ashby,,,,marco.mensah@demomail.test,Taylor Sato,drew.silva@examplecorp.test,Mei Costa,Alpha,100432,N,Beta,reese.okafor@examplecorp.test,Liam Kim,Y,5249,1783,7929,48,Y,,,,,Resolved the outstanding question about scope.,,casey.garcia@demomail.test,,Resolved the outstanding question about scope.,morgan.ashby@sampleco.test,priya.reyes@examplecorp.test,N,,,Other,,,,,,2026-03-21 05:58:00,9202,9022,Standard,Other,Alpha,Other,5810,3621,7019,8084,7045,Beta,Riley Cohen,Alex Brooks,2022-11-17 10:33:00,,,,,,,,,,,,,,
700054,100120,Resource Care,100111,Wellness Check-In,Final,N,N,Reviewed performance and gathered feedback.,100301,Liam Ivanov,Y,,7.4,4.5,100749,N,1.7,How is communication with your team?,"Going well, minor tweaks needed.",9.7,3.6,Other,Y,8.5,9.1,7.2,1.7,7.0,1.9,6.1,,,N,,100370,Morgan Reyes,2024-08-02 06:16:00,rowan.silva@acme-fake.test,,2026-03-28 05:13:00,reese.nguyen@sampleco.test,,,Other,,rowan.calder@acme-fake.test,Riley Brooks,aisha.larsson@demomail.test,Riley Silva,Standard,100097,N,Alpha,jamie.whitfield@acme-fake.test,Morgan Silva,Y,5235,898,7717,6658,N,,,,,Aligned on billing and renewal terms.,,riley.okafor@sampleco.test,,Scheduled a check-in for the coming month.,liam.silva@acme-fake.test,nina.reyes@acme-fake.test,N,,Resolved the outstanding question about scope.,,Alpha,Beta,Mei Reyes,,,2024-06-26 10:57:00,6084,4256,Beta,Alpha,Standard,Other,2134,5681,8287,9623,3326,Beta,Omar Nguyen,Omar Cohen,2023-06-10 21:58:00,,,,,,,,,,,,,,
700055,100452,Customer Management,100694,Customer Success Check-In,Final,N,N,Followed up on the open items from last week.,100122,Taylor Costa,Y,,7.2,4.9,100132,N,3.1,Are deliverables meeting expectations?,Very satisfied overall.,1.7,4.9,Beta,N,9.3,8.6,2.5,3.6,9.5,7.3,5.0,,,N,,100120,Elena Sloan,2026-03-28 09:40:00,arjun.nguyen@examplecorp.test,,2022-10-15 17:15:00,liam.patel@demomail.test,,,,Jamie Nguyen,casey.costa@sampleco.test,Avery Mercer,emerson.costa@examplecorp.test,Riley Ashby,Gamma,100280,Y,Gamma,rowan.whitfield@sampleco.test,Quinn Larsson,N,3264,5213,8583,3605,N,,,,Standard,Shared the updated proposal for review.,,alex.ivanov@sampleco.test,,Followed up on the open items from last week.,emerson.mercer@examplecorp.test,jamie.garcia@acme-fake.test,Y,Other,,,,,,Delta,Beta,2025-07-03 22:41:00,7091,9199,Standard,Gamma,Beta,Alpha,7634,4757,4424,8143,5688,Alpha,Drew Mercer,Chen Brooks,2026-03-07 11:36:00,,,,,Standard,,,,,,,,,
700056,100780,Resource Care,100770,Quarterly Review,Final,Y,N,Resolved the outstanding question about scope.,100049,Emerson Mensah,Y,,8.1,1.4,100360,N,7.4,Are deliverables meeting expectations?,Some concerns about turnaround time.,3.7,7.9,Alpha,N,3.2,8.5,8.7,4.6,1.1,3.7,4.4,,,Y,,100576,Arjun Brooks,2025-01-15 10:47:00,rowan.sloan@examplecorp.test,,2023-01-20 00:20:00,riley.ivanov@examplecorp.test,,,Other,,sofia.reyes@demomail.test,Nina Kim,chen.ashby@sampleco.test,Jamie Dorsey,Gamma,100426,N,Delta,riley.silva@sampleco.test,Rahul Silva,N,8898,8138,7692,293,Y,,,,,Shared the updated proposal for review.,,diego.sato@sampleco.test,,Followed up on the open items from last week.,jamie.mensah@acme-fake.test,elena.okafor@sampleco.test,Y,,,,,,Fatima Larsson,,Standard,2026-05-05 13:51:00,1713,9257,Delta,Other,Standard,Gamma,5492,1622,2378,8864,6206,Alpha,Skyler Reyes,Yara Ivanov,2024-06-05 01:18:00,,,,,,,,,,,,,,
700057,100023,Resource Care,100772,Quarterly Review,Final,Y,N,Reviewed performance and gathered feedback.,100229,Rahul Vance,Y,,3.4,8.0,100178,Y,4.1,Are deliverables meeting expectations?,Very satisfied overall.,4.9,4.9,Other,N,1.4,3.9,7.2,9.4,2.8,2.1,3.4,,,Y,,100360,Liam Larsson,2025-02-24 23:42:00,mei.kim@examplecorp.test,,2023-09-06 22:52:00,chen.dorsey@acme-fake.test,Emerson Kim,,,Drew Kim,omar.ford@acme-fake.test,Riley Vance,elena.costa@examplecorp.test,Elena Costa,Gamma,100280,N,Alpha,noah.vance@demomail.test,Riley Vance,Y,5395,2746,6976,1825,N,,,,,Followed up on the open items from last week.,,arjun.haddad@sampleco.test,,Aligned on billing and renewal terms.,marco.vance@sampleco.test,rowan.ford@examplecorp.test,Y,,,,,,,,,2024-04-27 07:54:00,6725,2238,Other,Other,Delta,Delta,7844,1750,6124,785,8119,Other,Drew Reyes,Rowan Mercer,2024-04-20 06:40:00,,,,,,,,,,,,,,
700058,100560,Customer Management,100192,Customer Success Check-In,Final,Y,Y,Scheduled a check-in for the coming month.,100336,Jordan Calder,N,,4.2,5.7,100190,Y,4.5,Are deliverables meeting expectations?,Exceeding expectations.,7.1,5.3,Beta,N,7.4,4.3,9.3,7.1,7.3,3.1,8.2,,,Y,,100440,Marco Whitfield,2024-08-22 11:04:00,liam.reyes@sampleco.test,,2026-07-30 04:50:00,sofia.garcia@sampleco.test,,,,,diego.mensah@examplecorp.test,Chen Ivanov,aisha.haddad@acme-fake.test,Chen Mercer,Gamma,100180,N,Alpha,diego.cohen@sampleco.test,Skyler Dorsey,N,5744,9327,3803,1459,Y,,,,,Aligned on billing and renewal terms.,,riley.blake@acme-fake.test,,Shared the updated proposal for review.,liam.ivanov@sampleco.test,jamie.blake@sampleco.test,N,,,,,,,Other,Gamma,2024-12-20 12:09:00,2973,348,Standard,Other,Other,Other,9260,7619,2124,5028,9831,Beta,Omar Nguyen,Alex Vance,2022-11-18 12:32:00,,,,,,,,,,,,,,
700059,100734,Resource Care,100798,Customer Success Check-In,Final,N,Y,Shared the updated proposal for review.,100062,Noah Whitfield,Y,,3.2,2.3,100617,Y,9.6,How likely are you to continue the engagement?,"Going well, minor tweaks needed.",1.2,8.3,Delta,Y,9.9,2.5,3.1,2.4,8.8,8.8,3.1,,,Y,,100129,Priya Larsson,2025-11-27 12:32:00,skyler.costa@sampleco.test,,2026-02-26 07:31:00,nina.ivanov@acme-fake.test,,,Standard,,emerson.costa@sampleco.test,Nina Cohen,jordan.dorsey@demomail.test,Marco Sato,Beta,100267,Y,Gamma,jamie.sato@demomail.test,Jordan Blake,Y,7431,9342,309,8285,N,,,,,Noted a concern to revisit at the next sync.,,casey.okafor@acme-fake.test,,Followed up on the open items from last week.,marco.haddad@demomail.test,nina.garcia@examplecorp.test,N,,,,,,Priya Costa,Other,,2023-03-31 05:20:00,3725,4687,Delta,Gamma,Delta,Other,3953,6640,8567,9678,8838,Beta,Casey Ivanov,Jamie Silva,2022-10-04 17:35:00,,,,,,,,,,,,,,
700060,100165,Resource Care,100192,Quarterly Review,Draft,N,N,Resolved the outstanding question about scope.,100598,Priya Calder,Y,,2.3,2.1,100083,N,7.4,Any concerns we should address?,"Going well, minor tweaks needed.",6.4,5.6,Alpha,Y,5.1,8.9,6.9,7.8,5.6,1.3,1.2,,,N,,100302,Noah Sloan,2024-07-27 17:46:00,jamie.ford@demomail.test,,2023-09-29 11:57:00,fatima.cohen@sampleco.test,Reese Patel,,,,omar.kim@acme-fake.test,Liam Mercer,liam.rossi@examplecorp.test,Aisha Costa,Other,100015,Y,Standard,riley.reyes@examplecorp.test,Diego Ivanov,N,3302,4639,5437,5167,Y,,,,,Reviewed performance and gathered feedback.,,casey.brooks@examplecorp.test,,Scheduled a check-in for the coming month.,arjun.mercer@demomail.test,sofia.silva@demomail.test,Y,,,,,Alpha,,,Other,2025-05-11 04:53:00,5409,1806,Standard,Beta,Beta,Delta,4452,2882,403,3833,7471,Standard,Drew Ashby,Emerson Silva,2024-07-07 23:15:00,,,,,,,,,,,,,,
700061,100539,Customer Management,100186,Customer Success Check-In,Final,Y,Y,Aligned on billing and renewal terms.,100506,Taylor Mercer,Y,,1.8,4.3,100128,N,2.7,How satisfied are you with the service?,Some concerns about turnaround time.,4.8,5.9,Gamma,N,4.5,7.4,2.8,9.5,2.8,8.8,6.0,,,Y,,100243,Arjun Sato,2024-11-06 20:01:00,fatima.blake@acme-fake.test,,2023-07-15 11:59:00,fatima.cohen@acme-fake.test,Skyler Costa,,,,casey.calder@acme-fake.test,Morgan Kim,morgan.ford@sampleco.test,Alex Larsson,Beta,100408,N,Delta,aisha.reyes@examplecorp.test,Chen Rossi,Y,7593,9892,8440,6308,Y,,,,,Aligned on billing and renewal terms.,,reese.garcia@sampleco.test,,Followed up on the open items from last week.,jordan.ivanov@sampleco.test,avery.ivanov@demomail.test,Y,,,,Other,,Casey Vance,,,2022-11-28 15:31:00,6853,5041,Alpha,Other,Other,Other,6997,8678,5821,6619,6927,Gamma,Rahul Kim,Reese Brooks,2026-06-27 14:49:00,,,,,,Gamma,,,,,,,,
700062,100353,Resource Care,100185,Wellness Check-In,Draft,N,N,Scheduled a check-in for the coming month.,100186,Avery Okafor,N,,9.4,1.0,100454,N,4.1,Are deliverables meeting expectations?,Some concerns about turnaround time.,1.1,9.0,Other,N,9.5,8.1,7.0,2.4,6.4,2.3,3.3,,,N,,100715,Arjun Blake,2022-11-15 05:47:00,casey.reyes@acme-fake.test,,2025-04-13 11:44:00,riley.patel@demomail.test,,,,,riley.blake@acme-fake.test,Aisha Sloan,chen.mensah@sampleco.test,Quinn Cohen,Alpha,100382,Y,Alpha,drew.mensah@acme-fake.test,Alex Dorsey,Y,2247,7096,1538,8474,Y,,,,,Aligned on billing and renewal terms.,,yara.patel@examplecorp.test,,Discussed timeline and next steps with the account.,rowan.ashby@demomail.test,riley.reyes@acme-fake.test,Y,,,,Other,,,,Alpha,2024-01-18 20:02:00,3898,5513,Alpha,Standard,Other,Alpha,1694,2170,6583,1730,7647,Beta,Quinn Patel,Sofia Costa,2026-05-15 14:59:00,,,,,,,,,,,,,,
700063,100382,Customer Management,100788,Wellness Check-In,Final,Y,N,Resolved the outstanding question about scope.,100107,Reese Calder,N,,3.9,1.2,100217,N,8.7,How satisfied are you with the service?,"Neutral, watching closely.",8.7,6.4,Other,N,3.8,2.2,7.8,6.5,2.7,6.0,7.9,,,Y,,100122,Alex Sato,2026-03-23 09:48:00,arjun.ford@examplecorp.test,,2024-05-18 11:52:00,emerson.patel@acme-fake.test,,,,,drew.ivanov@demomail.test,Reese Patel,mei.dorsey@examplecorp.test,Rowan Kim,Gamma,100613,N,Delta,elena.ford@acme-fake.test,Diego Nguyen,Y,5664,5027,9584,644,N,,,,,Aligned on billing and renewal terms.,,elena.mercer@examplecorp.test,,Followed up on the open items from last week.,arjun.ford@examplecorp.test,elena.blake@sampleco.test,N,Delta,,,,Delta,,Gamma,Alpha,2025-10-04 04:18:00,9026,3086,Standard,Alpha,Gamma,Alpha,6854,3356,8178,3847,1765,Delta,Quinn Blake,Riley Ashby,2024-08-05 02:30:00,,,,,,,,,,,,,,
700064,100025,Customer Management,100343,Customer Success Check-In,Final,Y,Y,Shared the updated proposal for review.,100788,Morgan Okafor,Y,,9.5,4.5,100424,N,2.5,How is communication with your team?,Some concerns about turnaround time.,1.5,4.8,Other,Y,6.5,8.1,4.2,8.8,4.4,5.7,1.7,,,Y,,100603,Reese Ashby,2024-03-12 07:19:00,casey.mercer@sampleco.test,,2025-12-02 10:56:00,avery.brooks@examplecorp.test,,,,,avery.kim@demomail.test,Jamie Whitfield,aisha.kim@sampleco.test,Riley Mercer,Delta,100568,Y,Standard,casey.mensah@acme-fake.test,Morgan Brooks,N,7203,3272,6406,9672,Y,,,,Beta,Shared the updated proposal for review.,,sofia.ivanov@demomail.test,,Scheduled a check-in for the coming month.,drew.sloan@sampleco.test,quinn.sloan@examplecorp.test,N,,,,Alpha,,,,,2024-10-26 14:13:00,4377,6984,Other,Other,Standard,Standard,44,5877,927,3321,1502,Delta,Elena Nguyen,Jordan Sloan,2024-04-02 00:05:00,,,,,,,,,,,,,,
700065,100325,Resource Care,100490,Quarterly Review,Final,Y,Y,Noted a concern to revisit at the next sync.,100792,Sofia Whitfield,N,,5.9,1.9,100548,N,7.0,How is communication with your team?,"Neutral, watching closely.",6.1,9.5,Delta,Y,8.9,6.6,9.6,1.3,9.2,3.8,2.6,,,N,,100393,Priya Garcia,2025-05-11 14:41:00,jamie.calder@examplecorp.test,,2026-04-11 07:29:00,emerson.mensah@acme-fake.test,Nina Sloan,,,Marco Vance,emerson.blake@sampleco.test,Jamie Cohen,mei.larsson@acme-fake.test,Sofia Cohen,Gamma,100477,N,Alpha,drew.calder@examplecorp.test,Riley Sloan,N,4690,4665,4196,1293,N,,,,,Followed up on the open items from last week.,,alex.calder@sampleco.test,,Discussed timeline and next steps with the account.,riley.okafor@examplecorp.test,casey.kim@acme-fake.test,N,Delta,,,,,,,,2025-02-08 23:33:00,7438,8235,Standard,Gamma,Gamma,Other,3888,9326,1421,6108,3199,Standard,Taylor Larsson,Jordan Okafor,2024-06-22 03:14:00,,,,,,,,,,,,,,
700066,100223,Customer Management,100709,Wellness Check-In,Final,Y,Y,Reviewed performance and gathered feedback.,100604,Mei Kim,N,,5.9,8.8,100799,N,5.6,How is communication with your team?,Happy with the progress.,4.7,9.5,Beta,Y,3.7,2.3,4.2,5.8,4.9,8.6,6.2,,,Y,,100010,Elena Cohen,2023-03-20 22:01:00,omar.sato@demomail.test,,2026-05-02 14:09:00,elena.okafor@acme-fake.test,,,,Alex Ivanov,aisha.reyes@sampleco.test,Fatima Mensah,drew.nguyen@sampleco.test,Reese Silva,Delta,100025,Y,Gamma,marco.okafor@examplecorp.test,Nina Kim,Y,8529,9087,3021,8384,N,,,,,Scheduled a check-in for the coming month.,,rowan.sato@examplecorp.test,,Noted a concern to revisit at the next sync.,jordan.garcia@demomail.test,chen.kim@acme-fake.test,Y,Beta,,,,,,,,2023-04-21 19:49:00,6011,4618,Gamma,Other,Gamma,Other,6709,6185,8501,7999,9331,Other,Fatima Okafor,Elena Vance,2025-04-12 16:46:00,,,,,,,,,,,,,,
700067,100702,Resource Care,100340,Quarterly Review,Final,N,Y,Resolved the outstanding question about scope.,100767,Diego Okafor,Y,,8.2,1.0,100637,N,2.6,How likely are you to continue the engagement?,Happy with the progress.,7.8,1.1,Beta,Y,5.7,5.2,5.6,2.9,3.7,6.2,6.3,,,N,,100227,Avery Silva,2024-02-18 21:03:00,drew.rossi@demomail.test,,2024-09-26 01:56:00,quinn.garcia@acme-fake.test,,,Delta,,jamie.mensah@demomail.test,Sofia Sloan,quinn.silva@examplecorp.test,Diego Sloan,Standard,100560,Y,Standard,riley.whitfield@examplecorp.test,Liam Ivanov,N,8892,6896,2194,9239,Y,,,,,Aligned on billing and renewal terms.,Rahul Blake,emerson.whitfield@examplecorp.test,,Noted a concern to revisit at the next sync.,yara.mercer@examplecorp.test,morgan.ivanov@demomail.test,N,,,,Delta,,,,,2024-05-30 10:13:00,5137,8865,Delta,Standard,Beta,Other,5086,8485,858,653,1206,Standard,Mei Silva,Aisha Whitfield,2022-11-26 21:43:00,,,Beta,,,,,,,,,,,
700068,100332,Customer Management,100014,Quarterly Review,Final,Y,Y,Reviewed performance and gathered feedback.,100265,Rahul Sato,N,,8.0,2.4,100603,Y,8.9,How satisfied are you with the service?,Exceeding expectations.,3.5,5.4,Standard,N,5.7,7.2,5.7,8.5,5.0,9.0,7.9,,,Y,,100469,Rahul Sloan,2023-02-07 00:42:00,riley.okafor@demomail.test,,2024-09-08 18:05:00,omar.ford@demomail.test,,,Other,,alex.costa@sampleco.test,Marco Sloan,jordan.okafor@examplecorp.test,Riley Larsson,Standard,100277,N,Gamma,arjun.ashby@examplecorp.test,Skyler Haddad,N,8507,7738,4787,4606,Y,,,,,Aligned on billing and renewal terms.,,riley.whitfield@demomail.test,,Scheduled a check-in for the coming month.,diego.haddad@acme-fake.test,alex.blake@acme-fake.test,N,,Noted a concern to revisit at the next sync.,,Gamma,,,,,2025-12-30 13:49:00,141,2146,Gamma,Other,Gamma,Beta,4345,8344,9104,5964,3004,Other,Liam Vance,Morgan Blake,2023-08-01 06:19:00,,,,,,,,,,,,,,
700069,100097,Resource Care,100634,Quarterly Review,Final,N,N,Discussed timeline and next steps with the account.,100328,Elena Haddad,N,,9.2,2.9,100481,Y,2.3,Any concerns we should address?,"Going well, minor tweaks needed.",5.4,4.3,Other,Y,6.1,4.6,6.4,6.1,3.1,9.3,6.9,,,Y,,100229,Reese Whitfield,2022-10-05 05:36:00,arjun.garcia@demomail.test,,2022-11-17 03:46:00,fatima.mensah@acme-fake.test,,,Other,Jordan Nguyen,emerson.sato@examplecorp.test,Noah Rossi,liam.costa@acme-fake.test,Quinn Ford,Standard,100240,Y,Delta,sofia.larsson@examplecorp.test,Marco Whitfield,N,6593,3586,4551,386,N,,,,,Reviewed performance and gathered feedback.,,liam.haddad@sampleco.test,,Shared the updated proposal for review.,rahul.silva@demomail.test,jamie.dorsey@demomail.test,N,,,,,Gamma,,,,2025-05-19 04:21:00,7864,5652,Beta,Other,Alpha,Alpha,5323,2021,7398,871,2828,Beta,Chen Dorsey,Reese Rossi,2024-01-27 20:31:00,,,,,,,,,,,,,,
700070,100275,Resource Care,100023,Quarterly Review,Final,Y,Y,Scheduled a check-in for the coming month.,100122,Yara Costa,Y,,3.2,7.8,100142,Y,8.2,How is communication with your team?,Very satisfied overall.,5.2,1.2,Beta,N,5.7,6.2,3.4,1.7,4.4,8.3,2.7,,,Y,,100106,Chen Vance,2024-04-22 06:21:00,chen.rossi@demomail.test,,2026-06-30 14:20:00,noah.ashby@examplecorp.test,,,,,elena.blake@examplecorp.test,Drew Vance,rahul.larsson@demomail.test,Sofia Reyes,Delta,100763,N,Standard,alex.sato@acme-fake.test,Jamie Costa,Y,720,1758,3855,304,N,,,,,Scheduled a check-in for the coming month.,,priya.vance@sampleco.test,,Shared the updated proposal for review.,noah.ashby@examplecorp.test,fatima.whitfield@examplecorp.test,Y,,,,,Gamma,,,Beta,2026-01-02 21:53:00,7791,4001,Delta,Standard,Beta,Other,3643,5843,2222,7633,6645,Beta,Jordan Patel,Sofia Nguyen,2023-08-28 14:03:00,,7224,,,,,,,,,,,,
700071,100625,Resource Care,100319,Wellness Check-In,Final,Y,N,Followed up on the open items from last week.,100656,Liam Ford,N,,5.3,4.3,100184,N,8.4,Are deliverables meeting expectations?,"Going well, minor tweaks needed.",9.2,6.4,Gamma,Y,1.6,7.5,7.8,7.6,9.1,1.7,3.6,,,N,,100760,Yara Reyes,2023-03-13 03:49:00,fatima.vance@examplecorp.test,,2025-12-17 14:33:00,morgan.costa@demomail.test,,,,Rahul Kim,marco.blake@examplecorp.test,Chen Mensah,liam.garcia@demomail.test,Rahul Cohen,Gamma,100792,Y,Other,nina.dorsey@acme-fake.test,Alex Sloan,Y,4978,2995,4966,7171,Y,,Beta,,,Resolved the outstanding question about scope.,,riley.whitfield@demomail.test,,Resolved the outstanding question about scope.,morgan.garcia@sampleco.test,mei.brooks@examplecorp.test,Y,,Reviewed performance and gathered feedback.,Beta,,,,,Other,2023-05-09 17:28:00,7817,8836,Other,Other,Delta,Gamma,8767,5312,2594,2733,7735,Alpha,Jamie Patel,Taylor Ashby,2024-01-20 09:58:00,,,,,,,,,,,,,,
700072,100184,Customer Management,100679,Wellness Check-In,Draft,N,N,Noted a concern to revisit at the next sync.,100634,Reese Dorsey,Y,,1.9,4.1,100573,N,6.4,Any concerns we should address?,Very satisfied overall.,5.5,7.6,Beta,Y,6.4,5.9,1.8,9.8,4.8,6.9,3.2,,,Y,,100314,Omar Mensah,2024-05-19 00:14:00,nina.ivanov@examplecorp.test,,2026-04-25 14:20:00,diego.ashby@examplecorp.test,,,,Aisha Dorsey,casey.nguyen@examplecorp.test,Rahul Brooks,casey.ivanov@demomail.test,Casey Patel,Alpha,100758,Y,Other,elena.haddad@sampleco.test,Drew Cohen,Y,7466,8377,618,1596,Y,,,,,Followed up on the open items from last week.,,noah.sato@demomail.test,,Resolved the outstanding question about scope.,liam.kim@acme-fake.test,aisha.patel@demomail.test,Y,,Reviewed performance and gathered feedback.,,,Beta,Drew Costa,Gamma,,2025-04-12 10:22:00,5795,7252,Alpha,Gamma,Gamma,Gamma,6944,1906,6794,5470,779,Gamma,Arjun Calder,Casey Ivanov,2024-09-16 16:19:00,,,,,,,,,,,,,,
700073,100654,Customer Management,100765,Wellness Check-In,Final,Y,Y,Discussed timeline and next steps with the account.,100316,Omar Silva,Y,,4.9,2.9,100370,N,3.0,How likely are you to continue the engagement?,"Going well, minor tweaks needed.",2.4,1.9,Standard,N,7.2,1.8,1.0,2.9,9.3,9.8,4.3,,,N,,100559,Noah Silva,2023-05-04 20:03:00,marco.okafor@sampleco.test,,2022-12-16 06:43:00,elena.ashby@demomail.test,Mei Mercer,,,,yara.okafor@sampleco.test,Marco Nguyen,reese.cohen@sampleco.test,Skyler Ivanov,Delta,100132,Y,Beta,sofia.rossi@demomail.test,Chen Silva,N,5082,9941,3776,7537,N,,,,,Resolved the outstanding question about scope.,,avery.vance@demomail.test,,Shared the updated proposal for review.,quinn.reyes@demomail.test,taylor.brooks@acme-fake.test,Y,,Shared the updated proposal for review.,,,Standard,,,,2024-05-08 01:19:00,279,5273,Alpha,Other,Alpha,Alpha,2537,125,3663,2357,8327,Standard,Fatima Sloan,Morgan Silva,2024-10-31 23:13:00,,,,,,,,,,,,,,
700074,100484,Customer Management,100245,Wellness Check-In,Final,Y,Y,Resolved the outstanding question about scope.,100189,Rowan Silva,N,,5.6,3.7,100168,Y,5.8,Are deliverables meeting expectations?,"Neutral, watching closely.",6.2,1.3,Standard,Y,4.5,1.5,8.5,5.5,4.2,1.3,2.0,,,Y,,100309,Jamie Costa,2023-05-09 12:49:00,sofia.blake@sampleco.test,,2026-02-11 03:19:00,noah.ford@acme-fake.test,,,,,rahul.mercer@examplecorp.test,Fatima Patel,reese.ashby@examplecorp.test,Alex Dorsey,Gamma,100474,Y,Gamma,quinn.dorsey@demomail.test,Noah Blake,Y,123,9174,2471,3831,Y,,,,,Reviewed performance and gathered feedback.,,casey.garcia@sampleco.test,,Noted a concern to revisit at the next sync.,liam.sato@sampleco.test,yara.cohen@demomail.test,N,,,,Other,,,,,2025-03-21 14:34:00,1174,7318,Alpha,Gamma,Alpha,Alpha,5920,8186,2210,651,6987,Gamma,Fatima Ford,Sofia Patel,2024-08-26 10:45:00,1828,,,,,,,,,,,,,
700075,100637,Customer Management,100212,Quarterly Review,Final,N,N,Aligned on billing and renewal terms.,100314,Sofia Kim,N,,2.7,7.1,100343,Y,8.6,How likely are you to continue the engagement?,"Going well, minor tweaks needed.",1.8,4.3,Beta,N,7.0,3.4,9.9,2.8,7.5,7.9,8.3,,,Y,,100101,Reese Blake,2026-03-12 01:10:00,skyler.vance@examplecorp.test,,2023-08-03 21:17:00,marco.dorsey@acme-fake.test,Quinn Costa,,,,riley.ford@acme-fake.test,Riley Ford,nina.vance@examplecorp.test,Marco Mensah,Standard,100393,Y,Beta,aisha.vance@sampleco.test,Chen Rossi,N,5322,7340,7874,267,N,,,,,Reviewed performance and gathered feedback.,,skyler.nguyen@examplecorp.test,,Noted a concern to revisit at the next sync.,fatima.ashby@sampleco.test,rowan.mercer@demomail.test,Y,,Discussed timeline and next steps with the account.,,,,,,,2026-01-16 10:59:00,3849,8674,Other,Beta,Alpha,Beta,2060,9349,8558,9403,3417,Standard,Priya Ford,Morgan Ivanov,2023-02-21 18:11:00,,,,,,,,,,,,,,
700076,100240,Resource Care,100632,Quarterly Review,Final,Y,Y,Reviewed performance and gathered feedback.,100437,Reese Costa,N,,1.7,7.5,100468,N,4.9,Any concerns we should address?,Some concerns about turnaround time.,6.8,9.7,Other,N,5.5,7.2,2.2,7.0,4.5,4.0,8.1,,,Y,,100099,Riley Kim,2025-05-17 13:35:00,diego.calder@examplecorp.test,,2023-05-19 04:12:00,taylor.sato@demomail.test,Aisha Silva,,,,alex.ashby@demomail.test,Alex Dorsey,reese.haddad@demomail.test,Omar Mensah,Standard,100356,N,Standard,avery.patel@examplecorp.test,Morgan Ashby,N,8486,7121,4324,5469,N,,,,,Resolved the outstanding question about scope.,,mei.nguyen@acme-fake.test,,Followed up on the open items from last week.,rahul.larsson@acme-fake.test,riley.mercer@sampleco.test,Y,Other,,Gamma,,Gamma,,,,2022-12-24 22:52:00,9002,5740,Delta,Beta,Other,Beta,3333,206,1212,7738,3606,Standard,Priya Kim,Sofia Mensah,2026-03-06 09:55:00,,,,,,,,,,,,,,
700077,100010,Customer Management,100408,Customer Success Check-In,Final,N,N,Scheduled a check-in for the coming month.,100151,Chen Costa,N,,9.5,4.0,100245,N,6.8,Any concerns we should address?,Some concerns about turnaround time.,2.6,8.9,Other,Y,3.1,4.8,7.8,3.2,7.1,7.1,4.3,,,Y,,100288,Chen Mercer,2025-01-29 22:24:00,skyler.sato@demomail.test,,2024-10-18 14:23:00,omar.ford@examplecorp.test,Rahul Larsson,,Standard,Chen Blake,riley.cohen@demomail.test,Elena Garcia,yara.costa@acme-fake.test,Liam Rossi,Gamma,100308,Y,Standard,reese.calder@sampleco.test,Rahul Ford,Y,3014,6237,862,7359,N,,,,,Noted a concern to revisit at the next sync.,,skyler.ashby@demomail.test,Delta,Discussed timeline and next steps with the account.,emerson.vance@examplecorp.test,aisha.ford@demomail.test,Y,,,Gamma,,,Diego Rossi,,Gamma,2024-02-22 20:59:00,7224,8348,Beta,Standard,Other,Other,8445,8738,6139,9016,2868,Gamma,Rahul Larsson,Jamie Vance,2025-09-10 00:04:00,,,,,,,,,,,,,,
700078,100717,Customer Management,100731,Quarterly Review,Draft,Y,N,Followed up on the open items from last week.,100726,Marco Garcia,N,,8.5,3.9,100803,Y,7.3,How satisfied are you with the service?,"Neutral, watching closely.",1.7,8.2,Gamma,N,4.4,1.3,3.4,9.2,1.8,7.0,6.0,,,N,,100224,Fatima Rossi,2025-05-20 07:41:00,avery.garcia@demomail.test,,2025-06-18 19:36:00,rowan.nguyen@demomail.test,,,,Sofia Brooks,aisha.rossi@examplecorp.test,Aisha Dorsey,omar.haddad@sampleco.test,Omar Costa,Alpha,100236,N,Beta,elena.patel@examplecorp.test,Marco Nguyen,Y,9161,3565,9316,2124,N,,,,,Reviewed performance and gathered feedback.,,elena.sato@acme-fake.test,,Reviewed performance and gathered feedback.,mei.brooks@demomail.test,jamie.rossi@sampleco.test,Y,Delta,,,,,,Delta,,2023-11-03 23:45:00,3908,5312,Other,Alpha,Other,Delta,2322,1155,5291,9949,1138,Other,Jamie Cohen,Chen Calder,2024-12-26 20:19:00,,,,,,,,,,,,,,
700079,100062,Customer Management,100532,Customer Success Check-In,Final,N,Y,Scheduled a check-in for the coming month.,100331,Alex Mercer,N,,1.3,1.4,100316,N,7.5,How likely are you to continue the engagement?,Some concerns about turnaround time.,6.8,7.6,Alpha,Y,5.7,7.1,1.7,2.3,3.9,5.7,7.5,,,Y,,100708,Arjun Ashby,2025-03-11 19:28:00,quinn.sato@sampleco.test,,2022-10-25 08:25:00,emerson.costa@acme-fake.test,Jordan Kim,,Delta,Emerson Rossi,emerson.rossi@acme-fake.test,Priya Okafor,taylor.larsson@demomail.test,Jamie Okafor,Delta,100780,N,Standard,mei.brooks@examplecorp.test,Alex Reyes,Y,6901,5358,8919,2043,N,,,,,Followed up on the open items from last week.,,jamie.ivanov@examplecorp.test,,Scheduled a check-in for the coming month.,rahul.ashby@sampleco.test,rowan.reyes@sampleco.test,N,Standard,Noted a concern to revisit at the next sync.,,,Gamma,,,,2024-04-18 19:43:00,1409,3173,Beta,Gamma,Delta,Alpha,9539,5005,476,188,8576,Alpha,Mei Larsson,Aisha Haddad,2025-05-14 03:09:00,,,,,,,,,,,,,,
700080,100267,Customer Management,100479,Wellness Check-In,Final,Y,Y,Resolved the outstanding question about scope.,100429,Quinn Haddad,N,,9.3,6.4,100180,N,6.9,How likely are you to continue the engagement?,Very satisfied overall.,6.7,3.6,Other,N,4.3,1.4,6.8,4.0,9.6,4.0,1.5,,,Y,,100345,Sofia Brooks,2024-07-28 01:22:00,emerson.costa@demomail.test,,2024-01-01 17:10:00,yara.rossi@acme-fake.test,,,,,morgan.rossi@examplecorp.test,Omar Sato,fatima.ashby@demomail.test,Riley Kim,Delta,100099,N,Other,quinn.mensah@demomail.test,Jordan Sloan,Y,9920,2491,3650,4022,N,,Other,,Beta,Reviewed performance and gathered feedback.,,mei.nguyen@demomail.test,,Reviewed performance and gathered feedback.,taylor.haddad@examplecorp.test,chen.dorsey@sampleco.test,Y,Other,,,,,,,,2023-07-08 03:52:00,6347,7410,Gamma,Alpha,Alpha,Beta,892,5237,6337,7717,8064,Gamma,Rahul Sloan,Emerson Ford,2023-06-24 02:40:00,,,Alpha,,,,,,,,,,,
700081,100042,Resource Care,100134,Customer Success Check-In,Final,N,Y,Reviewed performance and gathered feedback.,100351,Omar Silva,N,,3.4,5.2,100215,Y,3.1,How is communication with your team?,Some concerns about turnaround time.,7.0,3.6,Gamma,Y,2.6,9.1,9.4,5.0,1.6,5.0,3.7,,,N,,100500,Morgan Silva,2026-03-23 11:12:00,drew.costa@examplecorp.test,,2023-10-07 13:00:00,casey.cohen@sampleco.test,,,,,mei.ashby@examplecorp.test,Taylor Vance,emerson.larsson@demomail.test,Noah Larsson,Alpha,100051,N,Alpha,yara.haddad@sampleco.test,Reese Nguyen,Y,5808,5669,4088,8785,N,Gamma,,,,Followed up on the open items from last week.,,casey.larsson@examplecorp.test,,Shared the updated proposal for review.,fatima.cohen@acme-fake.test,casey.silva@sampleco.test,N,,,,,,Arjun Kim,Beta,Gamma,2025-05-17 17:15:00,3671,1884,Alpha,Standard,Gamma,Other,1201,7110,7090,5730,6669,Other,Chen Patel,Drew Blake,2023-10-09 19:20:00,,,,,,,,,,,,,,
700082,100481,Resource Care,100371,Quarterly Review,Draft,Y,N,Reviewed performance and gathered feedback.,100017,Mei Whitfield,Y,,8.4,3.8,100746,N,4.2,How satisfied are you with the service?,Exceeding expectations.,5.6,4.8,Delta,Y,2.3,2.8,3.6,4.0,2.3,5.4,7.1,,,Y,,100126,Morgan Costa,2023-09-19 07:55:00,avery.cohen@acme-fake.test,,2025-03-04 21:10:00,nina.dorsey@acme-fake.test,Drew Blake,,,,diego.calder@acme-fake.test,Reese Ivanov,arjun.larsson@examplecorp.test,Fatima Ashby,Delta,100464,Y,Alpha,rowan.haddad@examplecorp.test,Priya Vance,Y,279,2310,8545,2303,Y,,,,,Discussed timeline and next steps with the account.,,avery.mercer@demomail.test,,Resolved the outstanding question about scope.,quinn.dorsey@sampleco.test,rowan.calder@acme-fake.test,Y,Delta,,,,,,Delta,,2024-12-11 21:21:00,2135,2884,Standard,Beta,Alpha,Standard,8798,4789,9336,6223,123,Other,Sofia Okafor,Emerson Nguyen,2025-07-21 09:45:00,,,,,,,,,,,,,,
700083,100720,Resource Care,100526,Customer Success Check-In,Final,N,N,Shared the updated proposal for review.,100793,Skyler Sato,Y,,4.7,8.6,100234,Y,8.1,Are deliverables meeting expectations?,Exceeding expectations.,6.9,7.6,Gamma,Y,6.0,3.5,10.0,7.7,5.2,6.9,7.7,,,N,,100374,Alex Calder,2024-07-05 16:55:00,jordan.mercer@demomail.test,,2022-10-18 00:56:00,diego.mensah@sampleco.test,,,,,alex.reyes@sampleco.test,Yara Patel,elena.okafor@acme-fake.test,Liam Rossi,Delta,100496,Y,Beta,rahul.larsson@examplecorp.test,Drew Calder,N,3836,9776,7162,2339,Y,,,,,Reviewed performance and gathered feedback.,,noah.dorsey@demomail.test,,Reviewed performance and gathered feedback.,jordan.silva@acme-fake.test,noah.vance@examplecorp.test,N,Standard,,,,Standard,,,,2023-09-14 16:51:00,6010,9947,Other,Alpha,Delta,Delta,1449,7775,9068,5817,27,Beta,Taylor Ashby,Arjun Okafor,2025-11-26 13:05:00,,,,,,,,,,,,,,
700084,100494,Resource Care,100376,Wellness Check-In,Draft,N,N,Resolved the outstanding question about scope.,100044,Elena Dorsey,N,,3.9,1.7,100506,Y,9.7,How is communication with your team?,Some concerns about turnaround time.,8.9,8.9,Gamma,Y,3.6,4.0,2.2,6.0,4.5,1.2,1.1,,,N,,100574,Skyler Kim,2026-01-25 10:14:00,omar.whitfield@examplecorp.test,,2026-03-08 02:06:00,casey.blake@demomail.test,,,,,morgan.cohen@sampleco.test,Emerson Silva,emerson.cohen@acme-fake.test,Sofia Kim,Alpha,100596,Y,Gamma,riley.brooks@examplecorp.test,Nina Vance,Y,9624,9700,2897,7915,Y,,,,,Resolved the outstanding question about scope.,,riley.kim@demomail.test,,Shared the updated proposal for review.,marco.whitfield@examplecorp.test,omar.whitfield@examplecorp.test,N,,Noted a concern to revisit at the next sync.,,,,,,,2025-05-28 13:02:00,7577,7820,Standard,Gamma,Beta,Alpha,814,8220,580,8313,7316,Alpha,Chen Kim,Skyler Reyes,2024-05-12 10:46:00,,,,,,,,,,,,,,
700085,100075,Customer Management,100291,Customer Success Check-In,Draft,Y,N,Shared the updated proposal for review.,100371,Priya Blake,N,,5.1,8.4,100265,N,8.4,Are deliverables meeting expectations?,Exceeding expectations.,2.9,2.6,Delta,Y,5.0,6.3,1.9,5.7,7.5,1.9,7.0,,,Y,,100615,Casey Vance,2023-11-29 23:13:00,sofia.reyes@demomail.test,,2025-05-29 18:11:00,alex.sato@acme-fake.test,,,,,fatima.patel@demomail.test,Rowan Silva,noah.garcia@sampleco.test,Yara Reyes,Gamma,100189,Y,Alpha,avery.dorsey@demomail.test,Priya Garcia,N,7034,8190,2274,7849,N,,,,,Reviewed performance and gathered feedback.,,liam.ivanov@demomail.test,,Reviewed performance and gathered feedback.,casey.ivanov@sampleco.test,quinn.cohen@demomail.test,Y,Beta,,,Standard,,Quinn Silva,Delta,,2025-10-29 01:58:00,4776,7187,Delta,Other,Standard,Alpha,8671,903,3085,106,3864,Beta,Chen Kim,Chen Patel,2026-05-25 07:19:00,,,,,,Beta,,,,,,,,
700086,100403,Resource Care,100531,Quarterly Review,Final,N,Y,Followed up on the open items from last week.,100383,Riley Rossi,N,,4.2,9.9,100336,N,3.6,How likely are you to continue the engagement?,Exceeding expectations.,8.8,1.4,Alpha,N,8.6,6.9,2.1,2.5,4.8,1.2,7.3,,,Y,,100447,Liam Whitfield,2023-08-26 10:21:00,fatima.kim@acme-fake.test,,2023-05-07 22:27:00,rahul.garcia@sampleco.test,,,,Yara Nguyen,casey.sato@sampleco.test,Marco Ford,jordan.rossi@examplecorp.test,Jamie Okafor,Alpha,100667,N,Other,emerson.sato@acme-fake.test,Mei Calder,N,163,4559,582,5600,Y,,,,,Noted a concern to revisit at the next sync.,,rowan.okafor@sampleco.test,,Aligned on billing and renewal terms.,emerson.calder@demomail.test,marco.kim@sampleco.test,N,,,Delta,,Other,Quinn Silva,,Gamma,2023-07-08 15:42:00,7949,3994,Beta,Other,Gamma,Delta,500,7889,5573,9176,93,Gamma,Priya Ivanov,Skyler Cohen,2025-09-18 22:42:00,,,,,,,,,,,,,,
700087,100220,Resource Care,100014,Customer Success Check-In,Draft,Y,N,Followed up on the open items from last week.,100090,Quinn Costa,N,,1.6,2.3,100229,Y,7.8,How is communication with your team?,"Neutral, watching closely.",8.6,1.6,Alpha,N,8.3,7.0,2.4,8.1,1.2,7.8,1.8,,,Y,,100110,Alex Cohen,2025-10-12 12:14:00,marco.brooks@sampleco.test,,2025-03-18 23:11:00,elena.okafor@examplecorp.test,,,Alpha,,taylor.blake@sampleco.test,Sofia Silva,aisha.okafor@sampleco.test,Elena Ivanov,Other,100126,N,Other,morgan.ashby@sampleco.test,Taylor Rossi,Y,2994,2459,466,6166,Y,,,Delta,,Resolved the outstanding question about scope.,,reese.garcia@sampleco.test,,Noted a concern to revisit at the next sync.,skyler.calder@examplecorp.test,riley.reyes@demomail.test,N,,Scheduled a check-in for the coming month.,Delta,,Other,,,,2025-06-20 18:35:00,5592,4755,Alpha,Gamma,Beta,Other,9355,2378,9479,2135,9286,Alpha,Yara Vance,Noah Okafor,2024-04-07 04:13:00,,,,,,,,,,,,,,
700088,100552,Customer Management,100598,Wellness Check-In,Final,Y,N,Followed up on the open items from last week.,100741,Drew Haddad,N,,10.0,1.9,100654,Y,4.6,Any concerns we should address?,"Neutral, watching closely.",8.0,3.0,Standard,N,2.7,9.3,1.8,5.8,3.8,9.4,4.7,,,N,,100432,Jordan Cohen,2023-01-25 10:18:00,sofia.haddad@examplecorp.test,,2024-01-22 15:44:00,omar.kim@acme-fake.test,,,,,skyler.rossi@acme-fake.test,Emerson Okafor,sofia.brooks@sampleco.test,Omar Rossi,Delta,100667,N,Gamma,reese.dorsey@examplecorp.test,Chen Mensah,Y,8787,372,169,8740,Y,,,,,Followed up on the open items from last week.,,riley.sloan@sampleco.test,,Aligned on billing and renewal terms.,riley.calder@acme-fake.test,fatima.garcia@acme-fake.test,N,,Resolved the outstanding question about scope.,,,,Quinn Calder,,Gamma,2024-02-26 23:51:00,5974,4003,Alpha,Standard,Alpha,Gamma,260,5847,425,2501,3539,Delta,Priya Costa,Nina Nguyen,2025-12-28 07:48:00,,,,,,,,,,,,Standard,,
700089,100777,Resource Care,100009,Customer Success Check-In,Final,N,Y,Reviewed performance and gathered feedback.,100089,Nina Blake,Y,,5.1,4.7,100408,Y,5.7,How is communication with your team?,Exceeding expectations.,1.0,1.6,Delta,Y,1.8,8.8,2.3,1.5,9.9,6.4,2.9,,,Y,,100076,Omar Haddad,2025-05-06 04:57:00,chen.mercer@sampleco.test,,2023-01-07 20:55:00,marco.sato@acme-fake.test,Arjun Costa,,Alpha,,marco.okafor@demomail.test,Fatima Patel,jamie.cohen@demomail.test,Jamie Ashby,Beta,100370,Y,Standard,priya.vance@sampleco.test,Drew Kim,N,3032,5882,3756,807,Y,,,,,Reviewed performance and gathered feedback.,Emerson Whitfield,drew.sato@acme-fake.test,,Scheduled a check-in for the coming month.,rahul.brooks@demomail.test,fatima.ivanov@acme-fake.test,Y,,,Other,,,,Delta,,2023-02-09 20:18:00,1488,5439,Delta,Gamma,Alpha,Beta,5268,6398,1234,1999,8284,Beta,Reese Reyes,Morgan Reyes,2026-07-19 12:00:00,,,,,,,,,,,,,,
700090,100459,Customer Management,100180,Quarterly Review,Draft,N,Y,Resolved the outstanding question about scope.,100437,Omar Ivanov,N,,1.3,9.5,100477,N,1.3,How is communication with your team?,"Going well, minor tweaks needed.",3.6,7.0,Alpha,N,7.3,2.7,9.9,4.4,5.1,8.5,2.1,,,Y,,100571,Aisha Mercer,2026-01-24 20:05:00,aisha.costa@sampleco.test,,2023-04-23 18:43:00,omar.vance@sampleco.test,,,,,fatima.patel@acme-fake.test,Fatima Garcia,rowan.garcia@sampleco.test,Riley Blake,Other,100051,Y,Alpha,jordan.blake@demomail.test,Alex Mensah,N,5628,8047,8053,7279,Y,,,,,Shared the updated proposal for review.,,priya.garcia@acme-fake.test,,Shared the updated proposal for review.,avery.silva@demomail.test,diego.whitfield@demomail.test,N,,Followed up on the open items from last week.,,,Alpha,,,,2024-04-02 01:42:00,8686,9555,Other,Standard,Beta,Gamma,2258,7067,1008,826,8557,Beta,Reese Dorsey,Taylor Larsson,2024-02-21 15:31:00,,,,,,,,,,,,,,
700091,100025,Resource Care,100408,Quarterly Review,Final,N,Y,Aligned on billing and renewal terms.,100008,Drew Okafor,N,,7.6,9.4,100224,N,2.1,How is communication with your team?,Very satisfied overall.,8.3,8.4,Beta,N,9.8,5.3,7.5,6.8,5.2,2.6,7.9,,,Y,,100771,Jordan Silva,2024-10-16 08:07:00,rowan.ashby@examplecorp.test,,2022-12-06 02:09:00,liam.nguyen@sampleco.test,,,,,sofia.sloan@acme-fake.test,Emerson Silva,avery.larsson@demomail.test,Jamie Cohen,Other,100359,N,Alpha,emerson.garcia@examplecorp.test,Riley Ivanov,Y,6,9429,3259,9410,N,,,,,Aligned on billing and renewal terms.,,rowan.okafor@examplecorp.test,,Scheduled a check-in for the coming month.,jordan.silva@examplecorp.test,mei.sato@acme-fake.test,Y,,,Delta,,Beta,,,,2024-07-02 15:58:00,2866,230,Standard,Other,Beta,Alpha,9544,9263,7578,7784,4904,Delta,Rowan Ford,Emerson Blake,2023-10-14 06:54:00,,,,,,,,,,,,,,
700092,100771,Customer Management,100265,Customer Success Check-In,Final,N,N,Shared the updated proposal for review.,100782,Emerson Sato,N,,6.0,3.9,100220,N,8.7,How likely are you to continue the engagement?,Exceeding expectations.,1.9,5.3,Standard,Y,1.7,4.2,3.5,5.9,9.4,6.8,2.1,,,N,,100141,Reese Mercer,2025-11-18 22:17:00,skyler.mensah@examplecorp.test,,2025-06-08 00:17:00,chen.ford@examplecorp.test,,,Alpha,,taylor.okafor@acme-fake.test,Aisha Dorsey,yara.whitfield@demomail.test,Skyler Sato,Beta,100132,Y,Beta,nina.cohen@demomail.test,Avery Reyes,N,6451,1147,4185,9290,Y,,,,Gamma,Scheduled a check-in for the coming month.,,liam.ivanov@demomail.test,,Reviewed performance and gathered feedback.,nina.okafor@acme-fake.test,diego.nguyen@sampleco.test,N,,,,,Delta,Fatima Nguyen,,,2022-10-13 14:05:00,9951,8952,Gamma,Gamma,Delta,Delta,908,5524,3706,896,9542,Delta,Emerson Sato,Casey Sato,2025-02-02 00:29:00,,5591,,,,,,,,,,,,
700093,100079,Resource Care,100481,Wellness Check-In,Final,Y,Y,Followed up on the open items from last week.,100546,Noah Ivanov,Y,,1.7,1.2,100265,N,9.4,How likely are you to continue the engagement?,"Going well, minor tweaks needed.",3.4,3.4,Standard,N,4.3,8.7,1.8,7.5,6.6,2.9,7.7,,,N,,100332,Morgan Mercer,2023-06-21 08:30:00,nina.ashby@acme-fake.test,,2023-12-18 18:35:00,emerson.mensah@demomail.test,,,Standard,,chen.brooks@demomail.test,Rowan Sato,nina.calder@acme-fake.test,Noah Mercer,Standard,100185,Y,Beta,reese.patel@demomail.test,Aisha Kim,N,5570,4662,8146,2641,Y,,,,,Scheduled a check-in for the coming month.,,elena.blake@examplecorp.test,,Shared the updated proposal for review.,diego.brooks@sampleco.test,taylor.sloan@demomail.test,N,,,,,Alpha,,,,2023-09-03 12:59:00,5702,6205,Other,Other,Gamma,Standard,4249,332,2364,6054,7174,Standard,Yara Ashby,Taylor Nguyen,2024-09-23 16:49:00,,,,,,,,,,,,,,
700094,100763,Resource Care,100679,Quarterly Review,Final,N,Y,Reviewed performance and gathered feedback.,100792,Mei Blake,Y,,3.2,8.3,100485,Y,5.1,Are deliverables meeting expectations?,Happy with the progress.,7.3,3.5,Standard,Y,8.3,7.1,6.6,1.1,7.8,7.6,6.7,,,N,,100005,Riley Costa,2026-04-05 19:09:00,aisha.ivanov@examplecorp.test,,2025-11-01 11:00:00,chen.mercer@sampleco.test,,,Other,,avery.ashby@examplecorp.test,Diego Kim,liam.sato@examplecorp.test,Nina Sato,Delta,100282,Y,Alpha,elena.silva@acme-fake.test,Marco Kim,Y,9523,8731,7624,7523,Y,,,,,Noted a concern to revisit at the next sync.,,rahul.kim@sampleco.test,,Shared the updated proposal for review.,fatima.whitfield@sampleco.test,riley.dorsey@examplecorp.test,N,,Resolved the outstanding question about scope.,,,,Marco Ashby,,Delta,2025-04-04 05:58:00,6560,1768,Gamma,Delta,Beta,Alpha,4163,7638,7606,7555,905,Standard,Quinn Dorsey,Sofia Cohen,2026-05-14 01:36:00,,,,,,,,,,,,,,
700095,100588,Resource Care,100803,Wellness Check-In,Draft,Y,N,Aligned on billing and renewal terms.,100239,Quinn Sloan,N,,9.5,3.8,100767,Y,1.9,How likely are you to continue the engagement?,Exceeding expectations.,8.9,4.6,Alpha,Y,6.2,8.5,5.5,3.5,7.2,8.6,5.3,,,Y,,100255,Noah Nguyen,2026-02-16 00:41:00,mei.nguyen@sampleco.test,,2023-04-17 02:07:00,alex.cohen@sampleco.test,Taylor Sato,,,,fatima.sato@demomail.test,Casey Cohen,fatima.nguyen@examplecorp.test,Noah Rossi,Standard,100275,N,Delta,riley.whitfield@acme-fake.test,Aisha Okafor,Y,319,8151,9414,6506,Y,,,,,Noted a concern to revisit at the next sync.,,arjun.reyes@demomail.test,,Followed up on the open items from last week.,quinn.sato@sampleco.test,omar.patel@demomail.test,N,Standard,,,,Other,Fatima Larsson,,,2024-11-21 01:51:00,3095,9643,Beta,Beta,Gamma,Alpha,4610,8602,6188,3229,2005,Other,Nina Mercer,Liam Larsson,2023-05-23 17:54:00,,,,,,,,,,,2662,,,
700096,100449,Customer Management,100215,Quarterly Review,Draft,N,Y,Shared the updated proposal for review.,100699,Rowan Patel,Y,,9.0,2.3,100462,N,2.4,Any concerns we should address?,Some concerns about turnaround time.,7.6,4.9,Alpha,Y,3.0,9.9,2.7,2.9,3.1,2.2,4.5,,,N,,100165,Jamie Whitfield,2023-11-20 05:34:00,liam.sato@demomail.test,,2023-06-16 13:51:00,noah.patel@examplecorp.test,,,,,emerson.dorsey@demomail.test,Jordan Haddad,taylor.cohen@acme-fake.test,Nina Mercer,Gamma,100363,N,Alpha,diego.larsson@demomail.test,Priya Larsson,N,7229,2904,8840,9378,Y,,,,,Followed up on the open items from last week.,,arjun.haddad@demomail.test,,Followed up on the open items from last week.,arjun.mensah@examplecorp.test,reese.rossi@examplecorp.test,N,Alpha,,,,,,Other,,2023-11-11 17:26:00,9448,8939,Delta,Alpha,Alpha,Alpha,1964,7806,5568,5144,444,Delta,Aisha Haddad,Reese Brooks,2025-08-10 19:31:00,,,,,,,,,,,,,,
700097,100625,Customer Management,100492,Customer Success Check-In,Draft,Y,N,Shared the updated proposal for review.,100184,Morgan Sloan,Y,,7.9,6.1,100454,Y,6.1,Any concerns we should address?,Happy with the progress.,5.0,1.4,Gamma,Y,1.2,2.4,5.3,6.1,2.3,8.4,2.1,,,Y,,100305,Omar Vance,2023-10-06 17:41:00,taylor.mercer@examplecorp.test,,2023-06-04 12:39:00,skyler.ivanov@acme-fake.test,,,,,fatima.ashby@demomail.test,Reese Garcia,sofia.sato@sampleco.test,Rowan Patel,Gamma,100796,Y,Alpha,nina.okafor@sampleco.test,Arjun Ivanov,N,2941,748,2174,7502,N,Other,,,,Resolved the outstanding question about scope.,,arjun.ford@examplecorp.test,,Reviewed performance and gathered feedback.,drew.costa@sampleco.test,marco.sloan@demomail.test,N,,,,,,,Alpha,,2025-08-26 13:34:00,5842,8087,Other,Other,Gamma,Beta,1021,731,5222,3499,5680,Beta,Drew Cohen,Diego Reyes,2025-05-23 10:14:00,,,,,,,,,,,,,,
700098,100800,Resource Care,100582,Customer Success Check-In,Final,Y,N,Discussed timeline and next steps with the account.,100223,Casey Haddad,Y,,1.7,1.7,100188,N,4.4,How likely are you to continue the engagement?,Exceeding expectations.,7.0,4.0,Standard,N,2.8,3.7,6.7,5.9,9.8,2.8,2.6,,,Y,,100696,Omar Calder,2024-11-13 09:35:00,rahul.okafor@demomail.test,,2024-04-14 00:12:00,casey.dorsey@acme-fake.test,,,,Morgan Rossi,fatima.whitfield@examplecorp.test,Elena Kim,jamie.garcia@acme-fake.test,Alex Rossi,Standard,100216,N,Gamma,mei.nguyen@examplecorp.test,Noah Mensah,Y,9608,1075,5576,3617,Y,,,,,Scheduled a check-in for the coming month.,,quinn.reyes@sampleco.test,,Reviewed performance and gathered feedback.,priya.costa@acme-fake.test,priya.blake@sampleco.test,N,,Scheduled a check-in for the coming month.,,,,,,,2025-06-08 09:45:00,8539,2195,Other,Standard,Delta,Delta,5225,4501,1666,8009,2523,Beta,Priya Mercer,Emerson Blake,2025-02-10 18:48:00,,,,,,,,,,,,,,
700099,100344,Customer Management,100076,Quarterly Review,Final,Y,N,Followed up on the open items from last week.,100789,Casey Patel,Y,,5.3,4.8,100044,Y,9.5,How is communication with your team?,"Neutral, watching closely.",6.1,3.3,Gamma,N,3.9,2.3,1.9,5.7,4.7,9.4,8.9,,,Y,,100464,Reese Whitfield,2025-01-01 03:12:00,jamie.okafor@acme-fake.test,,2026-06-04 00:11:00,chen.whitfield@examplecorp.test,,,Gamma,Fatima Blake,riley.nguyen@examplecorp.test,Rahul Reyes,rahul.costa@demomail.test,Emerson Sato,Gamma,100494,N,Other,emerson.costa@sampleco.test,Rowan Brooks,N,1732,4074,6729,8625,Y,,,,,Resolved the outstanding question about scope.,,fatima.dorsey@acme-fake.test,,Resolved the outstanding question about scope.,marco.vance@demomail.test,chen.costa@demomail.test,Y,,,Other,Alpha,,,,,2023-02-06 05:56:00,3131,9723,Delta,Delta,Gamma,Gamma,2772,5281,7761,2112,2606,Delta,Rahul Blake,Casey Rossi,2023-10-20 19:20:00,,,,,,,,,,,,,,
700100,100117,Customer Management,100452,Customer Success Check-In,Final,N,Y,Aligned on billing and renewal terms.,100789,Marco Haddad,N,,3.3,9.5,100293,Y,1.5,Any concerns we should address?,"Going well, minor tweaks needed.",9.7,1.9,Alpha,Y,7.6,4.5,8.9,7.9,3.5,8.3,9.9,,,Y,,100161,Liam Ashby,2025-10-09 07:44:00,skyler.mensah@demomail.test,,2025-09-12 14:26:00,arjun.sato@sampleco.test,,,,Emerson Silva,emerson.mensah@sampleco.test,Casey Calder,emerson.brooks@sampleco.test,Noah Garcia,Gamma,100742,N,Gamma,diego.costa@demomail.test,Omar Ivanov,Y,4255,5080,5867,5755,Y,,,,,Reviewed performance and gathered feedback.,,fatima.sloan@sampleco.test,Standard,Discussed timeline and next steps with the account.,casey.rossi@demomail.test,drew.costa@sampleco.test,Y,,Noted a concern to revisit at the next sync.,Standard,,,,,,2024-12-11 01:48:00,1531,5901,Other,Alpha,Beta,Standard,6669,1841,3448,5108,9328,Beta,Sofia Ford,Taylor Kim,2023-04-13 05:55:00,,,,,,,,,,,,,,
700101,100490,Resource Care,100535,Wellness Check-In,Final,Y,N,Discussed timeline and next steps with the account.,100049,Alex Blake,N,,4.1,3.3,100526,Y,8.6,How is communication with your team?,Exceeding expectations.,3.8,8.3,Standard,Y,4.9,5.0,8.0,2.6,6.2,7.4,2.7,,,Y,,100620,Casey Mensah,2025-01-24 21:20:00,avery.reyes@sampleco.test,,2024-07-06 04:05:00,priya.blake@acme-fake.test,,,,Drew Vance,riley.larsson@demomail.test,Casey Blake,jordan.mensah@examplecorp.test,Jordan Haddad,Standard,100340,Y,Standard,elena.brooks@sampleco.test,Riley Nguyen,Y,1042,1390,7379,795,N,,,,,Noted a concern to revisit at the next sync.,,omar.brooks@acme-fake.test,,Resolved the outstanding question about scope.,rowan.reyes@acme-fake.test,yara.patel@sampleco.test,Y,,Reviewed performance and gathered feedback.,,Other,Gamma,,,,2023-12-15 13:55:00,5311,7840,Alpha,Other,Other,Delta,418,5804,564,4569,6936,Delta,Morgan Okafor,Morgan Ivanov,2024-04-27 15:46:00,,,,,,,,,,,,,Nina Reyes,
700102,100437,Customer Management,100676,Wellness Check-In,Final,N,N,Resolved the outstanding question about scope.,100759,Elena Mercer,N,,8.6,1.5,100535,Y,2.8,How is communication with your team?,Exceeding expectations.,2.3,9.0,Gamma,N,1.9,8.3,8.3,8.8,9.6,6.5,7.7,,,Y,,100113,Rowan Haddad,2024-12-05 00:15:00,jamie.garcia@sampleco.test,,2025-05-23 04:10:00,quinn.cohen@demomail.test,,,,Liam Costa,morgan.kim@acme-fake.test,Reese Mensah,nina.calder@demomail.test,Diego Haddad,Alpha,100563,N,Standard,yara.costa@sampleco.test,Alex Whitfield,Y,1661,6296,3662,7980,N,,,,,Resolved the outstanding question about scope.,,rahul.silva@demomail.test,,Aligned on billing and renewal terms.,alex.brooks@acme-fake.test,rowan.patel@examplecorp.test,Y,,,,,Other,Aisha Vance,Alpha,,2023-08-02 00:24:00,7155,7216,Delta,Beta,Delta,Delta,2395,2966,1823,4853,1932,Standard,Rowan Vance,Morgan Dorsey,2024-04-23 20:42:00,,,,,,,,,,,,,,
700103,100107,Resource Care,100759,Quarterly Review,Final,Y,Y,Scheduled a check-in for the coming month.,100031,Emerson Sato,Y,,6.4,2.2,100503,N,9.7,Are deliverables meeting expectations?,Very satisfied overall.,9.0,5.5,Delta,Y,6.8,1.9,1.3,2.3,6.5,4.9,3.5,,,N,,100765,Rowan Ford,2023-04-04 09:21:00,marco.patel@acme-fake.test,,2026-07-10 02:07:00,emerson.kim@demomail.test,,,,,fatima.nguyen@examplecorp.test,Skyler Sloan,yara.reyes@demomail.test,Avery Sato,Gamma,100029,N,Beta,elena.dorsey@acme-fake.test,Yara Patel,N,5240,3306,8668,9364,N,,,,,Followed up on the open items from last week.,,jordan.cohen@demomail.test,,Aligned on billing and renewal terms.,drew.silva@examplecorp.test,sofia.blake@sampleco.test,N,Other,,,,,,Other,,2025-01-25 11:29:00,9362,4456,Gamma,Alpha,Beta,Beta,1538,2908,5355,5027,3360,Other,Rahul Cohen,Taylor Haddad,2023-12-23 19:57:00,,,,,,,,,,,,,,
700104,100539,Resource Care,100418,Wellness Check-In,Final,Y,Y,Aligned on billing and renewal terms.,100486,Drew Mensah,Y,,2.3,4.9,100686,N,4.4,How likely are you to continue the engagement?,"Going well, minor tweaks needed.",6.8,2.9,Gamma,N,8.6,8.3,6.0,1.7,4.1,2.1,7.2,,,Y,,100793,Priya Kim,2024-12-22 14:43:00,omar.ashby@demomail.test,,2023-04-07 21:24:00,diego.nguyen@sampleco.test,,,,Mei Kim,drew.nguyen@acme-fake.test,Quinn Nguyen,noah.mercer@sampleco.test,Taylor Cohen,Gamma,100310,N,Other,priya.vance@acme-fake.test,Avery Blake,Y,4426,3289,5685,7744,Y,,,,,Shared the updated proposal for review.,,arjun.mensah@examplecorp.test,,Discussed timeline and next steps with the account.,liam.sloan@demomail.test,riley.sato@demomail.test,N,,,,,,,Beta,Delta,2026-05-06 21:38:00,2424,6764,Delta,Standard,Alpha,Beta,4698,4932,6146,1487,1224,Other,Skyler Larsson,Jamie Silva,2022-11-22 04:52:00,,,,,,,,,,,,,,
700105,100661,Customer Management,100803,Wellness Check-In,Final,N,N,Reviewed performance and gathered feedback.,100182,Diego Mercer,Y,,3.6,9.0,100520,N,6.9,How is communication with your team?,Very satisfied overall.,6.0,7.8,Alpha,N,2.1,2.9,5.1,3.5,7.9,7.4,7.4,,,N,,100026,Quinn Silva,2024-07-06 02:23:00,rahul.mercer@sampleco.test,,2025-11-06 14:49:00,nina.larsson@sampleco.test,,,,,marco.garcia@acme-fake.test,Elena Ford,nina.costa@examplecorp.test,Riley Patel,Delta,100058,N,Standard,noah.larsson@sampleco.test,Drew Ivanov,N,3832,1222,6385,4741,Y,,,,,Noted a concern to revisit at the next sync.,,nina.ford@examplecorp.test,,Discussed timeline and next steps with the account.,alex.larsson@demomail.test,chen.calder@examplecorp.test,Y,,,,,,,,Delta,2023-05-17 12:02:00,3040,9898,Beta,Gamma,Standard,Standard,6324,231,7885,3671,6657,Alpha,Jordan Dorsey,Fatima Kim,2024-07-01 02:29:00,,,,,,,,,,,,,,
700106,100333,Resource Care,100690,Quarterly Review,Final,N,N,Noted a concern to revisit at the next sync.,100190,Rahul Mensah,Y,,7.8,7.1,100694,N,7.7,How is communication with your team?,Happy with the progress.,4.5,8.1,Beta,Y,9.8,9.9,2.3,5.8,9.4,8.3,1.6,,,Y,,100516,Arjun Brooks,2023-09-30 14:11:00,jamie.nguyen@sampleco.test,,2024-01-05 06:39:00,riley.larsson@acme-fake.test,Nina Blake,,Delta,,omar.nguyen@examplecorp.test,Jamie Ivanov,priya.haddad@acme-fake.test,Priya Reyes,Standard,100763,N,Alpha,yara.nguyen@acme-fake.test,Jordan Blake,N,8886,7289,8526,2591,Y,,,,,Noted a concern to revisit at the next sync.,,riley.vance@acme-fake.test,,Resolved the outstanding question about scope.,omar.silva@demomail.test,skyler.dorsey@demomail.test,N,,,,Standard,,,,,2024-03-17 14:55:00,7908,3443,Standard,Gamma,Delta,Delta,5683,5934,5703,9669,6988,Beta,Taylor Patel,Alex Haddad,2025-10-28 20:47:00,,,,,,,,,,,,,,
700107,100190,Customer Management,100186,Wellness Check-In,Final,Y,N,Followed up on the open items from last week.,100772,Riley Whitfield,Y,,8.8,9.3,100470,Y,3.4,Any concerns we should address?,Very satisfied overall.,9.1,4.6,Gamma,N,4.4,5.4,8.2,5.5,7.2,8.1,9.0,,,Y,,100229,Avery Patel,2023-01-15 23:18:00,mei.haddad@demomail.test,,2024-12-05 14:40:00,sofia.okafor@sampleco.test,Yara Silva,,,,marco.cohen@examplecorp.test,Liam Dorsey,jamie.calder@sampleco.test,Mei Silva,Delta,100796,Y,Alpha,chen.mensah@acme-fake.test,Mei Rossi,Y,1432,8,160,7254,Y,,,,,Followed up on the open items from last week.,,jamie.patel@demomail.test,,Resolved the outstanding question about scope.,reese.patel@sampleco.test,fatima.nguyen@acme-fake.test,Y,Alpha,,,,,,,,2025-09-07 18:57:00,1950,9226,Other,Gamma,Delta,Beta,4766,8488,2413,6748,2319,Delta,Casey Blake,Rowan Larsson,2025-06-22 12:21:00,,,,,,,,,,,,,,
700108,100726,Resource Care,100374,Customer Success Check-In,Draft,N,N,Scheduled a check-in for the coming month.,100285,Fatima Haddad,Y,,5.2,4.6,100473,N,4.4,How satisfied are you with the service?,Exceeding expectations.,9.0,8.7,Other,Y,2.2,2.8,8.2,1.1,9.3,4.1,5.8,,,Y,,100153,Riley Costa,2024-10-29 23:13:00,nina.kim@demomail.test,,2023-04-27 09:59:00,marco.vance@acme-fake.test,,,,,casey.haddad@examplecorp.test,Skyler Costa,yara.rossi@sampleco.test,Marco Cohen,Beta,100053,Y,Beta,jamie.vance@examplecorp.test,Emerson Calder,Y,8963,8918,2499,9343,Y,,,,,Shared the updated proposal for review.,,taylor.vance@sampleco.test,,Noted a concern to revisit at the next sync.,chen.vance@examplecorp.test,priya.calder@examplecorp.test,Y,,,Standard,,,Quinn Nguyen,Delta,Delta,2023-11-02 01:02:00,820,393,Beta,Gamma,Beta,Delta,9770,5502,5745,5565,4058,Delta,Casey Cohen,Avery Sato,2022-10-05 20:09:00,,,,,,,,,,,,,,
700109,100637,Customer Management,100615,Quarterly Review,Final,Y,Y,Shared the updated proposal for review.,100257,Morgan Brooks,N,,1.6,7.6,100516,Y,7.7,How satisfied are you with the service?,Some concerns about turnaround time.,5.0,2.2,Delta,N,1.4,2.4,7.6,4.2,5.8,4.1,1.8,,,Y,,100696,Rahul Brooks,2024-03-06 16:13:00,sofia.sloan@sampleco.test,,2025-01-12 08:42:00,fatima.larsson@demomail.test,,,Delta,,rahul.larsson@sampleco.test,Morgan Haddad,morgan.mensah@sampleco.test,Nina Costa,Beta,100220,N,Other,fatima.silva@acme-fake.test,Jamie Larsson,N,9257,9329,7005,4816,N,,,,,Reviewed performance and gathered feedback.,,drew.dorsey@examplecorp.test,,Resolved the outstanding question about scope.,rowan.larsson@sampleco.test,rowan.mensah@acme-fake.test,Y,,,Alpha,,,,,,2025-02-14 06:50:00,7013,6084,Gamma,Alpha,Beta,Other,1306,6405,8257,8487,7842,Other,Arjun Mercer,Omar Kim,2025-08-04 23:03:00,,,,,,,,,,,,,,
700110,100772,Customer Management,100173,Wellness Check-In,Final,N,Y,Noted a concern to revisit at the next sync.,100049,Arjun Kim,N,,1.4,2.4,100530,Y,5.5,How is communication with your team?,Very satisfied overall.,5.5,4.8,Standard,Y,4.3,1.4,3.1,8.9,2.9,7.5,6.5,,,Y,,100106,Liam Mensah,2024-06-13 19:26:00,mei.silva@sampleco.test,,2022-11-25 15:33:00,omar.silva@demomail.test,,,,,jamie.ivanov@sampleco.test,Skyler Calder,arjun.calder@examplecorp.test,Quinn Brooks,Gamma,100772,N,Other,mei.kim@demomail.test,Avery Brooks,N,91,9389,8019,6361,Y,,,,Other,Discussed timeline and next steps with the account.,,rahul.rossi@examplecorp.test,,Noted a concern to revisit at the next sync.,aisha.dorsey@demomail.test,jordan.sato@demomail.test,Y,,,,,,,,,2026-02-25 15:30:00,3195,6993,Delta,Gamma,Gamma,Gamma,1834,8988,7675,9466,1970,Gamma,Mei Calder,Alex Haddad,2023-09-16 11:12:00,,,,,,,,,,,,,,
700111,100016,Resource Care,100070,Quarterly Review,Final,Y,Y,Reviewed performance and gathered feedback.,100224,Elena Dorsey,N,,2.3,5.5,100664,N,8.2,Are deliverables meeting expectations?,Happy with the progress.,9.0,6.6,Other,Y,6.3,6.9,3.2,5.7,5.3,7.0,2.0,,,N,,100322,Rahul Haddad,2022-12-12 07:02:00,casey.garcia@sampleco.test,,2024-08-15 22:28:00,mei.mensah@acme-fake.test,Emerson Whitfield,,,,diego.sato@acme-fake.test,Diego Whitfield,aisha.ashby@sampleco.test,Elena Garcia,Alpha,100217,Y,Standard,chen.costa@acme-fake.test,Priya Sato,N,4543,9451,9191,8829,Y,,,,,Followed up on the open items from last week.,,rahul.garcia@sampleco.test,,Followed up on the open items from last week.,arjun.cohen@demomail.test,marco.silva@examplecorp.test,Y,,,,,,,,,2026-04-13 08:29:00,9447,3911,Standard,Beta,Other,Other,6604,6722,7731,3425,1528,Beta,Nina Blake,Elena Vance,2023-05-30 11:19:00,,,,,,,,,,,,,,
700112,100481,Resource Care,100332,Wellness Check-In,Draft,N,N,Scheduled a check-in for the coming month.,100371,Yara Nguyen,Y,,3.1,7.6,100420,Y,7.5,How is communication with your team?,"Going well, minor tweaks needed.",8.5,4.7,Other,Y,7.5,2.7,9.3,2.2,8.4,8.1,3.7,,,N,,100546,Diego Larsson,2025-03-23 04:39:00,sofia.larsson@acme-fake.test,,2026-03-27 14:58:00,quinn.silva@acme-fake.test,,,,,marco.calder@demomail.test,Taylor Brooks,alex.ivanov@demomail.test,Rowan Cohen,Other,100569,N,Beta,jordan.kim@examplecorp.test,Quinn Sloan,N,9723,4371,247,6999,N,,,,,Scheduled a check-in for the coming month.,,drew.sato@sampleco.test,,Shared the updated proposal for review.,quinn.costa@sampleco.test,liam.reyes@demomail.test,N,,,,,,,Delta,,2023-02-04 10:17:00,2103,6408,Delta,Beta,Standard,Gamma,7135,848,5787,172,5482,Standard,Arjun Whitfield,Diego Patel,2024-07-16 03:52:00,,,,,,,,,,,,,,
700113,100376,Resource Care,100062,Wellness Check-In,Final,N,Y,Discussed timeline and next steps with the account.,100487,Fatima Ivanov,N,,4.7,1.3,100099,N,8.0,How is communication with your team?,Exceeding expectations.,4.2,8.9,Gamma,Y,8.7,9.0,5.0,2.4,6.1,3.7,2.7,,,N,,100344,Morgan Mensah,2025-06-14 19:00:00,reese.ivanov@examplecorp.test,,2024-07-22 23:25:00,alex.dorsey@sampleco.test,Elena Patel,,,,quinn.larsson@acme-fake.test,Aisha Brooks,drew.mensah@demomail.test,Nina Mensah,Standard,100445,N,Other,fatima.rossi@demomail.test,Jamie Ivanov,Y,4302,206,1410,7904,Y,,,,,Aligned on billing and renewal terms.,,diego.kim@examplecorp.test,,Scheduled a check-in for the coming month.,casey.mensah@acme-fake.test,elena.rossi@acme-fake.test,N,Beta,Aligned on billing and renewal terms.,,,,,Alpha,Other,2025-08-30 12:30:00,6690,1223,Standard,Beta,Delta,Alpha,7849,7427,2762,1990,2481,Delta,Fatima Haddad,Omar Ashby,2023-07-02 05:39:00,,,,,,,,,,,,,,
700114,100243,Resource Care,100398,Customer Success Check-In,Final,N,N,Shared the updated proposal for review.,100511,Alex Mercer,Y,,9.2,5.1,100770,Y,6.7,How likely are you to continue the engagement?,Some concerns about turnaround time.,1.1,1.9,Other,Y,1.0,9.0,3.6,4.8,8.7,8.6,1.4,,,N,,100652,Avery Whitfield,2023-04-05 16:25:00,rowan.reyes@acme-fake.test,,2022-10-22 20:32:00,chen.brooks@demomail.test,,,,Fatima Silva,fatima.costa@demomail.test,Diego Mercer,sofia.larsson@acme-fake.test,Casey Vance,Beta,100171,Y,Standard,casey.sato@examplecorp.test,Yara Ashby,Y,3346,448,7605,9531,N,,,,,Noted a concern to revisit at the next sync.,,rahul.dorsey@acme-fake.test,,Followed up on the open items from last week.,avery.calder@demomail.test,chen.cohen@demomail.test,N,,,,Alpha,,,,Alpha,2026-01-11 22:38:00,1583,5754,Other,Standard,Other,Beta,4891,8438,8292,2482,9054,Gamma,Elena Vance,Rowan Silva,2023-03-20 16:17:00,,,,,,,,,,,,,,
700115,100031,Resource Care,100099,Wellness Check-In,Final,Y,N,Discussed timeline and next steps with the account.,100323,Morgan Garcia,N,,9.9,8.1,100126,N,2.6,Any concerns we should address?,"Going well, minor tweaks needed.",2.3,3.5,Delta,Y,1.6,1.1,4.5,3.7,8.3,2.7,3.8,,,Y,,100309,Alex Haddad,2023-06-24 04:40:00,quinn.whitfield@sampleco.test,,2025-08-29 17:35:00,quinn.mensah@demomail.test,,,,,avery.mensah@examplecorp.test,Priya Garcia,avery.sato@sampleco.test,Emerson Nguyen,Standard,100661,N,Gamma,diego.haddad@examplecorp.test,Emerson Ford,N,24,2956,4423,974,N,,,,,Scheduled a check-in for the coming month.,,elena.dorsey@acme-fake.test,,Shared the updated proposal for review.,emerson.dorsey@examplecorp.test,elena.ivanov@sampleco.test,N,,,,,,,,,2025-04-10 21:19:00,2949,383,Alpha,Delta,Standard,Delta,2234,7981,6415,5551,9882,Alpha,Arjun Vance,Diego Larsson,2025-06-28 00:17:00,,,,,,,,,,,,,,
700116,100786,Resource Care,100331,Customer Success Check-In,Final,N,Y,Aligned on billing and renewal terms.,100030,Mei Cohen,N,,5.3,5.9,100464,Y,9.6,How is communication with your team?,Exceeding expectations.,5.2,6.8,Beta,N,3.5,9.5,8.1,5.6,7.0,3.1,1.9,,,Y,,100308,Skyler Sato,2025-08-06 15:25:00,riley.garcia@demomail.test,Omar Whitfield,2023-05-14 14:34:00,morgan.dorsey@acme-fake.test,Riley Larsson,,Other,Liam Blake,nina.okafor@examplecorp.test,Nina Garcia,nina.larsson@examplecorp.test,Riley Ford,Standard,100213,Y,Beta,aisha.vance@acme-fake.test,Skyler Haddad,N,9748,3336,6297,7237,Y,,,,,Noted a concern to revisit at the next sync.,,quinn.vance@examplecorp.test,,Scheduled a check-in for the coming month.,marco.garcia@examplecorp.test,fatima.dorsey@demomail.test,N,,,Beta,,Alpha,,,,2024-03-21 09:24:00,9281,1690,Delta,Beta,Alpha,Beta,5599,5031,5397,7910,9666,Alpha,Casey Blake,Marco Whitfield,2026-03-10 03:18:00,,,,,,,,,,,,,Liam Cohen,
700117,100782,Resource Care,100224,Quarterly Review,Draft,N,Y,Followed up on the open items from last week.,100720,Reese Mercer,Y,,9.5,8.0,100494,Y,6.4,Are deliverables meeting expectations?,"Going well, minor tweaks needed.",8.9,9.9,Gamma,N,6.2,7.6,3.2,7.6,8.2,9.2,9.2,,,Y,,100526,Arjun Brooks,2024-02-14 05:50:00,skyler.okafor@sampleco.test,,2025-06-02 01:59:00,elena.ford@examplecorp.test,,,,,sofia.vance@acme-fake.test,Quinn Silva,rahul.garcia@demomail.test,Nina Calder,Beta,100158,N,Delta,arjun.costa@examplecorp.test,Skyler Costa,N,6136,4544,4344,1907,N,,,,,Discussed timeline and next steps with the account.,,diego.mercer@sampleco.test,,Followed up on the open items from last week.,mei.okafor@acme-fake.test,fatima.ashby@examplecorp.test,Y,Standard,,,,,Reese Costa,,Gamma,2025-05-04 09:39:00,1878,7714,Gamma,Other,Gamma,Standard,1231,5442,2630,6527,4217,Gamma,Omar Nguyen,Omar Costa,2023-06-17 03:38:00,,,,,,,,,,,,,,
700118,100015,Resource Care,100366,Quarterly Review,Final,Y,Y,Discussed timeline and next steps with the account.,100206,Emerson Kim,N,,4.4,4.4,100702,Y,6.5,How is communication with your team?,Exceeding expectations.,7.9,5.9,Alpha,Y,4.4,2.4,1.2,4.3,4.8,7.6,4.4,,,N,,100477,Aisha Whitfield,2025-07-29 23:57:00,skyler.reyes@examplecorp.test,,2024-08-02 04:18:00,rahul.sato@demomail.test,,,,Alex Ivanov,chen.brooks@sampleco.test,Chen Vance,liam.vance@examplecorp.test,Rowan Ford,Delta,100119,N,Gamma,noah.blake@examplecorp.test,Mei Patel,N,8192,9599,355,6157,Y,,,Delta,,Shared the updated proposal for review.,,jordan.costa@demomail.test,,Scheduled a check-in for the coming month.,alex.ivanov@demomail.test,noah.mensah@demomail.test,Y,,Scheduled a check-in for the coming month.,Delta,Delta,Standard,,Gamma,,2023-02-12 20:47:00,6486,2246,Beta,Other,Gamma,Gamma,4504,2521,5799,4,6935,Beta,Chen Okafor,Casey Reyes,2025-12-06 05:12:00,,,,,Beta,,,,,,,,,
700119,100031,Customer Management,100188,Quarterly Review,Final,Y,Y,Noted a concern to revisit at the next sync.,100340,Sofia Larsson,Y,,8.9,8.6,100415,N,7.0,How likely are you to continue the engagement?,Very satisfied overall.,1.4,4.6,Beta,Y,4.2,4.9,2.6,7.7,7.0,9.2,4.7,,,Y,,100097,Noah Blake,2026-06-07 23:22:00,omar.ford@examplecorp.test,,2025-05-28 04:06:00,chen.larsson@acme-fake.test,,,,,noah.blake@examplecorp.test,Avery Patel,reese.ashby@examplecorp.test,Jamie Kim,Gamma,100171,Y,Alpha,omar.ashby@examplecorp.test,Reese Silva,Y,7294,738,6649,5764,Y,,,,,Noted a concern to revisit at the next sync.,,rahul.rossi@sampleco.test,,Shared the updated proposal for review.,nina.larsson@acme-fake.test,fatima.whitfield@acme-fake.test,Y,,,,,Standard,,,,2025-11-25 08:53:00,7415,1181,Alpha,Other,Beta,Standard,503,9913,6682,6304,7161,Beta,Elena Silva,Mei Mercer,2023-12-23 22:45:00,,,,,,,,,,,,,,Yara Kim
700120,100143,Customer Management,100617,Quarterly Review,Final,N,N,Followed up on the open items from last week.,100115,Priya Okafor,Y,,5.8,3.1,100496,N,7.4,How likely are you to continue the engagement?,Exceeding expectations.,7.1,7.7,Delta,Y,6.3,8.2,5.1,6.8,1.4,6.9,7.8,,,N,,100281,Riley Mensah,2025-11-20 23:40:00,jordan.cohen@acme-fake.test,,2024-01-01 12:04:00,jordan.costa@sampleco.test,,,,Noah Patel,liam.silva@sampleco.test,Morgan Okafor,sofia.mensah@demomail.test,Elena Garcia,Alpha,100020,Y,Gamma,morgan.reyes@examplecorp.test,Omar Okafor,Y,9717,2644,5470,8827,N,,,,,Noted a concern to revisit at the next sync.,,nina.larsson@demomail.test,,Discussed timeline and next steps with the account.,chen.mercer@sampleco.test,aisha.whitfield@demomail.test,N,,,,,,,,,2024-08-29 03:57:00,633,4880,Delta,Delta,Alpha,Beta,258,5147,3076,5961,9357,Other,Skyler Nguyen,Aisha Calder,2025-12-26 16:52:00,,4921,,,,,,,,,,,,
700121,100110,Customer Management,100176,Quarterly Review,Final,N,N,Scheduled a check-in for the coming month.,100128,Rahul Cohen,Y,,3.7,9.0,100742,N,3.4,How is communication with your team?,Some concerns about turnaround time.,4.6,3.0,Delta,N,7.3,9.2,8.5,4.4,8.2,9.8,1.7,,,Y,,100498,Drew Nguyen,2024-01-14 21:09:00,liam.brooks@examplecorp.test,,2024-12-09 01:25:00,casey.whitfield@sampleco.test,,,,Skyler Reyes,fatima.whitfield@sampleco.test,Jamie Sato,yara.patel@acme-fake.test,Aisha Whitfield,Standard,100158,Y,Other,mei.vance@examplecorp.test,Diego Kim,N,8557,8919,5475,8453,Y,,,,,Reviewed performance and gathered feedback.,,nina.mensah@examplecorp.test,,Reviewed performance and gathered feedback.,omar.costa@sampleco.test,aisha.mercer@examplecorp.test,Y,,Noted a concern to revisit at the next sync.,,,,,,Other,2023-04-22 01:05:00,6893,1012,Standard,Alpha,Alpha,Gamma,5911,932,6732,4492,7303,Gamma,Reese Ford,Rahul Ivanov,2026-07-20 16:25:00,,,,,,,,,,,,,,
700122,100654,Resource Care,100481,Customer Success Check-In,Final,Y,Y,Noted a concern to revisit at the next sync.,100603,Marco Whitfield,N,,2.7,6.9,100305,Y,7.3,How likely are you to continue the engagement?,Exceeding expectations.,7.2,4.3,Delta,N,5.3,1.3,2.3,1.7,2.3,6.9,7.6,,,Y,,100332,Diego Okafor,2026-07-04 16:27:00,sofia.vance@examplecorp.test,,2025-02-27 19:23:00,marco.reyes@acme-fake.test,Omar Ashby,,,,arjun.calder@examplecorp.test,Noah Sato,casey.sloan@demomail.test,Rahul Rossi,Delta,100029,Y,Delta,noah.nguyen@demomail.test,Mei Rossi,Y,2431,1107,6829,2566,N,,,,,Shared the updated proposal for review.,,noah.mensah@demomail.test,,Followed up on the open items from last week.,elena.dorsey@demomail.test,rowan.okafor@examplecorp.test,Y,,,,,,,Delta,,2023-06-01 11:28:00,6763,7695,Standard,Gamma,Gamma,Standard,4236,5359,7935,7401,3124,Beta,Marco Whitfield,Nina Brooks,2025-11-17 15:10:00,9593,,,,,,,,,3842,,,,
700123,100767,Resource Care,100482,Wellness Check-In,Final,Y,N,Reviewed performance and gathered feedback.,100474,Mei Garcia,N,,4.8,5.4,100025,Y,8.8,Are deliverables meeting expectations?,Happy with the progress.,2.5,5.6,Other,N,9.3,7.3,8.5,4.0,2.2,1.6,4.9,,,N,,100429,Rahul Whitfield,2025-11-27 18:42:00,casey.whitfield@acme-fake.test,,2026-04-16 23:46:00,fatima.ivanov@examplecorp.test,,,,,diego.kim@demomail.test,Noah Cohen,taylor.ford@sampleco.test,Mei Brooks,Standard,100522,Y,Delta,yara.ivanov@sampleco.test,Fatima Reyes,N,7903,1041,7008,4489,N,,,,,Resolved the outstanding question about scope.,,jamie.whitfield@acme-fake.test,,Shared the updated proposal for review.,noah.garcia@sampleco.test,noah.mercer@acme-fake.test,N,,,,,,,,,2026-02-17 02:25:00,7892,5573,Beta,Other,Delta,Beta,2538,1018,6708,7809,3259,Delta,Diego Calder,Sofia Brooks,2024-08-27 15:17:00,,,,,,,,,,,,,,
700124,100526,Resource Care,100582,Customer Success Check-In,Final,Y,N,Discussed timeline and next steps with the account.,100579,Morgan Cohen,N,,1.3,4.5,100216,Y,9.9,How satisfied are you with the service?,"Going well, minor tweaks needed.",5.8,5.5,Beta,N,8.3,5.1,7.8,1.6,1.2,7.7,9.7,,,N,,100571,Casey Whitfield,2024-12-26 10:19:00,mei.costa@demomail.test,,2023-01-02 10:09:00,skyler.haddad@acme-fake.test,,,,,reese.haddad@demomail.test,Diego Whitfield,rahul.reyes@demomail.test,Aisha Patel,Other,100209,N,Other,jordan.okafor@examplecorp.test,Morgan Silva,Y,8350,2705,9447,3937,N,,,,,Scheduled a check-in for the coming month.,,alex.blake@examplecorp.test,,Followed up on the open items from last week.,chen.costa@demomail.test,rowan.vance@demomail.test,Y,,,,Standard,,,,Alpha,2024-02-28 16:40:00,3725,254,Beta,Other,Beta,Alpha,3343,7749,4404,9360,2029,Beta,Avery Sloan,Arjun Garcia,2025-09-27 22:57:00,,,,,,,,,,,,,Mei Rossi,
700125,100685,Customer Management,100075,Quarterly Review,Final,Y,Y,Aligned on billing and renewal terms.,100686,Priya Mensah,Y,,6.9,8.1,100334,N,5.6,Any concerns we should address?,Happy with the progress.,5.9,4.7,Other,N,9.5,2.9,1.3,9.2,5.6,6.1,5.8,,,N,,100738,Jamie Silva,2024-07-29 05:03:00,taylor.sloan@demomail.test,,2026-07-07 01:18:00,priya.ashby@examplecorp.test,,,,,rahul.cohen@sampleco.test,Reese Blake,reese.larsson@acme-fake.test,Morgan Rossi,Beta,100782,N,Standard,arjun.patel@sampleco.test,Alex Larsson,N,6409,3855,710,3328,N,,,,,Aligned on billing and renewal terms.,,riley.vance@acme-fake.test,,Scheduled a check-in for the coming month.,mei.haddad@demomail.test,chen.ashby@demomail.test,Y,,,Delta,,,,,,2022-12-31 14:02:00,7580,5176,Gamma,Alpha,Standard,Other,4888,9447,4763,587,3562,Beta,Arjun Haddad,Diego Costa,2022-11-16 22:03:00,,,,,Other,,,,,,,,,
700126,100681,Resource Care,100432,Customer Success Check-In,Final,N,Y,Resolved the outstanding question about scope.,100582,Reese Patel,Y,,7.0,4.2,100010,N,9.2,How is communication with your team?,"Neutral, watching closely.",6.1,6.6,Gamma,N,3.3,2.7,5.8,9.4,6.7,6.2,9.6,,,N,,100539,Nina Reyes,2025-07-30 06:16:00,noah.ford@examplecorp.test,,2023-04-24 15:49:00,priya.ford@sampleco.test,,,,Morgan Sato,diego.patel@acme-fake.test,Diego Patel,marco.mercer@demomail.test,Mei Calder,Standard,100546,N,Beta,reese.sato@sampleco.test,Omar Reyes,N,5929,9366,7160,5259,Y,,,,,Aligned on billing and renewal terms.,,aisha.whitfield@acme-fake.test,,Followed up on the open items from last week.,jamie.sato@sampleco.test,avery.calder@demomail.test,N,,Scheduled a check-in for the coming month.,Beta,,,Liam Okafor,,,2024-08-03 22:00:00,6410,1412,Alpha,Gamma,Beta,Standard,665,4346,9808,374,8072,Other,Jordan Mensah,Rahul Sato,2025-01-09 07:28:00,,,,,,,,,,,,,,
700127,100391,Customer Management,100661,Customer Success Check-In,Draft,N,N,Aligned on billing and renewal terms.,100576,Reese Patel,N,,2.9,9.4,100464,Y,9.2,Are deliverables meeting expectations?,Happy with the progress.,2.3,1.4,Beta,Y,1.8,5.9,5.2,7.2,7.5,4.5,7.6,,,N,,100370,Omar Garcia,2025-12-26 02:06:00,avery.haddad@acme-fake.test,,2024-10-18 14:39:00,nina.rossi@examplecorp.test,Riley Ashby,,,Chen Rossi,jamie.larsson@acme-fake.test,Alex Larsson,emerson.ivanov@acme-fake.test,Aisha Vance,Beta,100329,Y,Delta,emerson.cohen@sampleco.test,Skyler Okafor,Y,9432,1878,3703,7224,N,,,,,Discussed timeline and next steps with the account.,,omar.nguyen@sampleco.test,,Resolved the outstanding question about scope.,rahul.haddad@sampleco.test,elena.haddad@examplecorp.test,Y,,Shared the updated proposal for review.,,Gamma,,,,,2025-01-31 00:52:00,4688,3751,Gamma,Other,Standard,Beta,7222,7284,2416,2597,205,Other,Jordan Ivanov,Priya Brooks,2026-02-10 15:32:00,,,,,,,,,,,,,,
700128,100070,Customer Management,100383,Wellness Check-In,Final,Y,Y,Scheduled a check-in for the coming month.,100041,Yara Costa,N,,7.2,2.0,100044,N,4.7,Any concerns we should address?,"Neutral, watching closely.",6.2,8.5,Standard,N,9.8,6.3,2.8,2.2,6.9,6.7,2.0,,,N,,100184,Skyler Cohen,2026-03-15 11:10:00,quinn.kim@sampleco.test,,2026-05-19 07:24:00,emerson.ivanov@demomail.test,Omar Patel,,,Riley Costa,rowan.sloan@demomail.test,Rahul Larsson,drew.ashby@demomail.test,Morgan Larsson,Delta,100101,N,Delta,sofia.costa@examplecorp.test,Noah Sato,Y,396,8298,9669,9420,N,,,,,Followed up on the open items from last week.,,mei.ashby@sampleco.test,,Scheduled a check-in for the coming month.,casey.okafor@sampleco.test,rahul.cohen@sampleco.test,Y,Delta,,,,,,Standard,,2024-11-03 15:30:00,3797,2,Delta,Beta,Alpha,Standard,1465,5189,4653,9785,2510,Delta,Riley Haddad,Marco Garcia,2023-04-04 03:04:00,,,,,,,,,,,,,,
700129,100044,Resource Care,100755,Customer Success Check-In,Final,Y,Y,Followed up on the open items from last week.,100040,Skyler Larsson,N,,1.7,4.3,100487,Y,5.4,Any concerns we should address?,Very satisfied overall.,6.3,2.7,Beta,N,7.6,7.2,5.5,3.4,9.5,7.6,3.8,,,N,,100539,Rowan Whitfield,2025-09-01 15:33:00,chen.okafor@sampleco.test,,2024-02-05 20:03:00,aisha.cohen@demomail.test,Elena Calder,,,Diego Haddad,emerson.cohen@acme-fake.test,Aisha Mercer,avery.vance@sampleco.test,Emerson Garcia,Alpha,100015,N,Delta,riley.mensah@demomail.test,Sofia Vance,N,3120,6110,67,27,Y,,,,,Reviewed performance and gathered feedback.,,morgan.ford@examplecorp.test,,Shared the updated proposal for review.,elena.blake@examplecorp.test,reese.mercer@acme-fake.test,Y,,Reviewed performance and gathered feedback.,,,Gamma,Morgan Ford,,,2026-02-28 22:51:00,471,5431,Gamma,Delta,Other,Gamma,7238,7652,7629,2738,4576,Alpha,Morgan Garcia,Alex Sato,2023-05-19 00:11:00,,,,,,,,,,1912,,,,
700130,100293,Resource Care,100101,Wellness Check-In,Final,N,N,Noted a concern to revisit at the next sync.,100360,Rowan Cohen,N,,2.4,8.7,100649,N,4.0,How satisfied are you with the service?,"Going well, minor tweaks needed.",6.1,7.8,Other,N,1.9,2.8,6.8,9.0,3.5,8.1,9.4,,,Y,,100014,Liam Kim,2025-08-18 17:18:00,alex.sato@demomail.test,,2025-10-23 19:13:00,mei.rossi@demomail.test,Morgan Whitfield,,,Quinn Sato,riley.mercer@acme-fake.test,Rahul Okafor,yara.haddad@demomail.test,Riley Dorsey,Gamma,100625,N,Other,chen.ivanov@examplecorp.test,Skyler Patel,Y,92,437,6536,5908,N,,,,,Reviewed performance and gathered feedback.,,chen.ashby@sampleco.test,,Resolved the outstanding question about scope.,riley.haddad@examplecorp.test,skyler.mercer@demomail.test,Y,,,,,,,,,2024-03-31 03:24:00,6183,7205,Beta,Gamma,Delta,Beta,5561,3914,4562,6620,8742,Beta,Emerson Rossi,Nina Blake,2026-04-13 09:53:00,,,Gamma,,,Alpha,,,,,,,,
700131,100269,Resource Care,100729,Customer Success Check-In,Final,N,Y,Resolved the outstanding question about scope.,100158,Marco Sloan,N,,1.6,2.8,100205,Y,7.5,How is communication with your team?,"Neutral, watching closely.",9.9,8.4,Gamma,N,3.2,2.4,6.3,1.8,7.0,2.1,8.1,,,N,,100470,Marco Ivanov,2023-11-19 23:00:00,fatima.larsson@sampleco.test,,2023-10-19 10:26:00,morgan.dorsey@sampleco.test,,,,,reese.blake@acme-fake.test,Nina Garcia,mei.sloan@sampleco.test,Marco Cohen,Other,100601,N,Delta,sofia.mensah@sampleco.test,Mei Brooks,N,4929,3584,673,720,N,,,,Delta,Discussed timeline and next steps with the account.,,rahul.sato@acme-fake.test,,Resolved the outstanding question about scope.,fatima.kim@acme-fake.test,sofia.costa@examplecorp.test,Y,,Scheduled a check-in for the coming month.,,,,Casey Nguyen,,,2024-03-25 17:35:00,8711,3365,Beta,Beta,Standard,Gamma,2,1672,1966,9991,9139,Delta,Riley Costa,Rowan Ivanov,2024-07-09 06:07:00,,,,,,,,,,,,,,
700132,100705,Customer Management,100391,Wellness Check-In,Final,N,Y,Aligned on billing and renewal terms.,100356,Elena Ashby,Y,,4.6,9.5,100062,N,2.4,Are deliverables meeting expectations?,"Neutral, watching closely.",1.2,3.5,Other,N,2.2,9.8,7.0,8.1,3.1,9.1,9.4,,,N,,100597,Chen Mercer,2026-03-03 16:29:00,reese.larsson@acme-fake.test,,2026-04-24 08:29:00,quinn.garcia@demomail.test,,,,,skyler.mercer@acme-fake.test,Quinn Brooks,priya.larsson@acme-fake.test,Sofia Haddad,Other,100103,Y,Standard,chen.dorsey@acme-fake.test,Marco Sloan,Y,2267,9017,7903,2667,N,,,,,Noted a concern to revisit at the next sync.,,rowan.sato@demomail.test,,Noted a concern to revisit at the next sync.,quinn.sloan@examplecorp.test,chen.calder@sampleco.test,Y,,Scheduled a check-in for the coming month.,Delta,,,,,,2023-11-07 06:52:00,5044,4344,Beta,Other,Standard,Alpha,181,7105,306,7406,8748,Alpha,Morgan Blake,Jamie Haddad,2025-03-20 16:17:00,,,,,,,,,,,,,,
700133,100585,Customer Management,100722,Quarterly Review,Final,N,Y,Discussed timeline and next steps with the account.,100017,Rowan Blake,Y,,2.7,5.8,100403,Y,9.4,Are deliverables meeting expectations?,Very satisfied overall.,4.5,9.9,Gamma,Y,8.5,7.4,1.4,2.8,9.7,4.8,2.3,,,N,,100009,Reese Patel,2023-09-17 15:20:00,rowan.sato@examplecorp.test,,2026-05-27 08:38:00,noah.ford@sampleco.test,,,Delta,,skyler.dorsey@sampleco.test,Casey Rossi,casey.vance@sampleco.test,Marco Garcia,Standard,100090,N,Beta,jordan.kim@examplecorp.test,Marco Garcia,N,5727,9715,6442,9336,N,,,,,Aligned on billing and renewal terms.,,chen.blake@acme-fake.test,,Followed up on the open items from last week.,fatima.mercer@sampleco.test,drew.dorsey@examplecorp.test,N,,,,,,,,,2025-05-01 17:26:00,7534,9005,Standard,Standard,Beta,Alpha,4975,1577,9387,3735,9308,Other,Rowan Patel,Quinn Rossi,2024-09-07 21:24:00,,,,,,,,,,,,,,
700134,100053,Customer Management,100749,Quarterly Review,Final,N,N,Shared the updated proposal for review.,100139,Casey Calder,N,,9.8,8.6,100305,N,7.5,Any concerns we should address?,Happy with the progress.,7.4,5.9,Standard,N,2.3,9.4,2.1,6.0,9.7,5.1,3.0,,,N,,100459,Yara Nguyen,2024-09-20 05:20:00,taylor.garcia@acme-fake.test,,2025-09-05 12:42:00,drew.cohen@demomail.test,,,,,riley.costa@sampleco.test,Chen Rossi,yara.silva@examplecorp.test,Nina Dorsey,Gamma,100395,N,Gamma,alex.okafor@sampleco.test,Diego Ford,N,7941,1626,6394,1711,N,,,,,Followed up on the open items from last week.,,diego.cohen@examplecorp.test,,Shared the updated proposal for review.,arjun.reyes@demomail.test,jordan.costa@examplecorp.test,Y,,Noted a concern to revisit at the next sync.,,Gamma,Delta,,Gamma,,2026-02-16 19:04:00,8012,4788,Delta,Standard,Beta,Gamma,9756,2944,274,3470,7537,Delta,Arjun Vance,Arjun Silva,2024-03-30 05:26:00,,,,,,,,,,,,,,
700135,100113,Resource Care,100136,Customer Success Check-In,Final,N,Y,Aligned on billing and renewal terms.,100803,Quinn Whitfield,Y,,5.0,8.4,100490,N,9.3,Are deliverables meeting expectations?,Happy with the progress.,3.4,9.6,Beta,N,8.0,9.7,4.7,3.5,9.0,8.7,8.4,,,Y,,100090,Yara Vance,2023-01-13 18:58:00,fatima.silva@demomail.test,,2024-03-12 09:56:00,rowan.blake@demomail.test,,,,,omar.brooks@demomail.test,Priya Nguyen,liam.larsson@acme-fake.test,Priya Silva,Other,100667,Y,Gamma,marco.garcia@sampleco.test,Quinn Blake,N,2880,8426,6500,3023,N,,,,,Scheduled a check-in for the coming month.,,rahul.reyes@acme-fake.test,,Resolved the outstanding question about scope.,alex.silva@acme-fake.test,arjun.garcia@examplecorp.test,Y,,,Other,,,,,,2024-08-24 02:21:00,2471,993,Delta,Delta,Other,Other,6240,5121,7017,2845,9112,Alpha,Riley Cohen,Yara Larsson,2023-05-19 14:42:00,,,,,,,,,,,,,,
700136,100132,Customer Management,100746,Customer Success Check-In,Final,Y,N,Scheduled a check-in for the coming month.,100113,Rowan Ivanov,N,,7.8,4.0,100359,N,1.3,Are deliverables meeting expectations?,Exceeding expectations.,6.3,8.8,Alpha,Y,6.8,2.1,1.6,4.4,3.7,8.4,4.1,,,Y,,100295,Alex Okafor,2025-02-13 04:42:00,rowan.brooks@demomail.test,,2024-07-12 18:09:00,chen.costa@sampleco.test,,,,Noah Whitfield,nina.sloan@demomail.test,Jamie Ford,quinn.dorsey@demomail.test,Priya Reyes,Delta,100178,N,Alpha,noah.brooks@demomail.test,Skyler Larsson,N,6928,761,8788,6031,Y,,,,,Shared the updated proposal for review.,,elena.calder@demomail.test,,Shared the updated proposal for review.,avery.whitfield@demomail.test,jordan.silva@acme-fake.test,Y,Alpha,,Beta,,,Jamie Garcia,,Beta,2025-06-01 02:43:00,6285,4710,Alpha,Delta,Delta,Other,2853,7022,5806,5869,2580,Alpha,Avery Garcia,Skyler Sloan,2023-03-02 03:51:00,,,,,,Alpha,,,,,,,,
700137,100089,Customer Management,100281,Quarterly Review,Final,N,Y,Discussed timeline and next steps with the account.,100034,Yara Whitfield,N,,3.7,1.2,100798,N,3.1,Are deliverables meeting expectations?,"Going well, minor tweaks needed.",6.5,4.8,Standard,Y,9.9,6.1,1.6,2.6,6.2,5.8,7.0,,,Y,,100486,Riley Ivanov,2024-12-19 13:54:00,skyler.mensah@sampleco.test,,2022-10-28 13:24:00,casey.rossi@acme-fake.test,,,,,diego.mensah@acme-fake.test,Omar Ford,omar.blake@demomail.test,Casey Whitfield,Beta,100328,N,Beta,omar.cohen@demomail.test,Chen Blake,N,812,3566,4146,6871,N,,,,,Resolved the outstanding question about scope.,,fatima.nguyen@examplecorp.test,,Discussed timeline and next steps with the account.,nina.brooks@acme-fake.test,yara.calder@demomail.test,N,,,,,,,Beta,,2025-09-04 04:25:00,9663,997,Beta,Other,Standard,Alpha,729,5709,8312,5273,1769,Alpha,Jamie Costa,Diego Ivanov,2024-08-21 14:03:00,,,,,,,,,,,,Alpha,,
700138,100479,Customer Management,100190,Quarterly Review,Final,Y,N,Shared the updated proposal for review.,100500,Arjun Dorsey,N,,8.6,10.0,100432,Y,8.9,How satisfied are you with the service?,Very satisfied overall.,6.3,3.8,Other,Y,5.5,6.1,9.1,3.1,9.5,8.3,8.6,,,N,,100209,Priya Haddad,2026-02-14 00:15:00,sofia.whitfield@examplecorp.test,,2022-10-01 13:56:00,rahul.vance@acme-fake.test,Priya Silva,,Delta,,chen.patel@acme-fake.test,Diego Nguyen,arjun.calder@examplecorp.test,Skyler Calder,Beta,100692,Y,Standard,fatima.mensah@sampleco.test,Elena Calder,N,7262,8062,6936,1282,N,,,,,Aligned on billing and renewal terms.,,fatima.cohen@demomail.test,,Followed up on the open items from last week.,sofia.okafor@sampleco.test,arjun.sato@sampleco.test,Y,Alpha,,Delta,,,,,,2026-07-25 06:39:00,6621,88,Other,Delta,Standard,Gamma,1798,9533,9806,2500,3712,Delta,Chen Patel,Omar Sloan,2024-03-11 20:27:00,,,,,,,,,,,,,,
700139,100452,Resource Care,100692,Quarterly Review,Final,N,Y,Aligned on billing and renewal terms.,100073,Avery Ivanov,N,,1.5,3.1,100238,N,5.9,How satisfied are you with the service?,Very satisfied overall.,9.2,5.7,Gamma,Y,6.6,6.0,6.9,3.5,9.5,5.8,3.5,,,Y,,100171,Rowan Sato,2023-09-20 08:51:00,taylor.sloan@sampleco.test,,2023-10-22 03:51:00,fatima.vance@acme-fake.test,,,Beta,,riley.ford@demomail.test,Nina Ashby,noah.sato@examplecorp.test,Fatima Silva,Other,100359,Y,Beta,omar.ashby@sampleco.test,Yara Ivanov,N,2269,5773,2115,6556,Y,,,,,Discussed timeline and next steps with the account.,,elena.nguyen@sampleco.test,,Followed up on the open items from last week.,mei.dorsey@sampleco.test,rahul.ford@demomail.test,N,Beta,Noted a concern to revisit at the next sync.,Delta,,,,,,2026-01-01 07:10:00,5672,12,Beta,Standard,Alpha,Other,1123,6590,5061,939,4019,Alpha,Reese Nguyen,Fatima Mercer,2022-12-02 15:43:00,,,,,,,,,,,,,,
700140,100720,Customer Management,100596,Quarterly Review,Final,N,N,Followed up on the open items from last week.,100464,Arjun Larsson,Y,,9.1,9.3,100023,Y,8.3,How is communication with your team?,"Neutral, watching closely.",4.1,4.5,Standard,Y,8.6,8.6,7.9,5.7,7.9,7.6,6.7,,,N,,100760,Diego Dorsey,2023-09-08 19:42:00,nina.haddad@demomail.test,,2023-09-30 15:24:00,liam.sato@demomail.test,,,,,skyler.costa@sampleco.test,Riley Larsson,noah.ashby@sampleco.test,Yara Whitfield,Other,100254,Y,Gamma,drew.costa@examplecorp.test,Jordan Sato,Y,2614,9972,9099,9499,N,,,,,Followed up on the open items from last week.,,elena.vance@demomail.test,,Shared the updated proposal for review.,noah.blake@acme-fake.test,quinn.ford@acme-fake.test,Y,,Scheduled a check-in for the coming month.,Other,,,Riley Garcia,,,2022-10-10 07:57:00,5379,2358,Beta,Beta,Other,Gamma,5375,9748,9044,5265,9784,Alpha,Jamie Cohen,Marco Sato,2025-02-05 07:57:00,,,,,,,,,,1509,,,,
700141,100616,Resource Care,100029,Quarterly Review,Final,Y,N,Aligned on billing and renewal terms.,100169,Rahul Calder,N,,10.0,9.9,100709,N,5.5,How likely are you to continue the engagement?,Some concerns about turnaround time.,9.9,5.5,Standard,Y,1.3,3.9,1.5,9.0,2.9,2.3,5.7,,,N,,100275,Fatima Brooks,2025-05-14 02:03:00,taylor.vance@acme-fake.test,,2023-12-24 06:50:00,riley.patel@acme-fake.test,,,,,marco.larsson@sampleco.test,Priya Larsson,marco.dorsey@demomail.test,Arjun Calder,Delta,100113,Y,Delta,jamie.costa@demomail.test,Fatima Dorsey,Y,8763,3544,2524,9512,N,,,,,Aligned on billing and renewal terms.,,drew.kim@sampleco.test,,Discussed timeline and next steps with the account.,quinn.larsson@examplecorp.test,aisha.larsson@sampleco.test,Y,,,Other,,Standard,,,,2026-01-31 07:56:00,4520,3348,Delta,Delta,Beta,Other,409,7119,8895,9400,5097,Delta,Sofia Garcia,Casey Sato,2023-11-16 13:04:00,,,,,,,,,,,,,,
700142,100617,Resource Care,100631,Quarterly Review,Draft,N,N,Reviewed performance and gathered feedback.,100492,Chen Rossi,N,,2.0,4.5,100447,Y,1.3,Are deliverables meeting expectations?,Very satisfied overall.,3.0,2.2,Beta,N,1.8,1.8,5.6,4.6,9.8,9.9,9.9,,,N,,100503,Quinn Calder,2023-10-22 14:59:00,yara.kim@demomail.test,Skyler Mensah,2023-06-17 07:17:00,diego.costa@demomail.test,Sofia Mercer,,,Quinn Rossi,aisha.costa@acme-fake.test,Fatima Ivanov,chen.ford@examplecorp.test,Taylor Sloan,Alpha,100282,N,Other,taylor.larsson@sampleco.test,Aisha Rossi,Y,1522,2099,7678,3147,Y,,,,,Aligned on billing and renewal terms.,,chen.costa@sampleco.test,,Resolved the outstanding question about scope.,nina.mercer@examplecorp.test,arjun.whitfield@demomail.test,Y,,,,,,,,,2026-07-20 07:00:00,9274,5801,Other,Beta,Other,Delta,4019,6345,6845,2457,4547,Beta,Jamie Ivanov,Arjun Reyes,2025-10-08 10:14:00,,,,,,,,7149,,,,,,
700143,100664,Resource Care,100615,Wellness Check-In,Final,N,Y,Noted a concern to revisit at the next sync.,100245,Aisha Okafor,N,,4.6,5.8,100097,N,6.4,How is communication with your team?,Happy with the progress.,8.9,7.8,Other,Y,2.2,2.1,8.7,4.6,1.4,2.9,2.1,,,N,,100750,Diego Blake,2024-04-06 22:11:00,priya.mercer@examplecorp.test,,2024-06-27 23:01:00,rahul.ford@sampleco.test,,,,,drew.brooks@sampleco.test,Rahul Kim,avery.whitfield@demomail.test,Jamie Kim,Alpha,100482,N,Gamma,rowan.patel@acme-fake.test,Liam Ivanov,Y,9271,7920,6722,3117,N,,,,,Aligned on billing and renewal terms.,,aisha.dorsey@sampleco.test,,Scheduled a check-in for the coming month.,jamie.haddad@examplecorp.test,noah.whitfield@sampleco.test,Y,,,Delta,,,,,,2024-02-18 18:56:00,323,330,Alpha,Standard,Other,Other,3708,5065,4115,4498,3469,Standard,Arjun Blake,Emerson Sato,2024-08-25 05:09:00,,,,,,,,,,,,,,
700144,100786,Customer Management,100269,Wellness Check-In,Draft,Y,Y,Aligned on billing and renewal terms.,100132,Emerson Mercer,N,,3.6,4.2,100058,N,6.6,How satisfied are you with the service?,Very satisfied overall.,3.6,7.7,Alpha,Y,7.3,1.3,7.8,4.2,7.1,6.8,9.8,,,N,,100161,Noah Ivanov,2024-05-25 22:54:00,jordan.cohen@acme-fake.test,,2023-03-11 16:27:00,omar.whitfield@acme-fake.test,Arjun Nguyen,,,Nina Calder,morgan.haddad@sampleco.test,Aisha Haddad,reese.kim@sampleco.test,Fatima Garcia,Standard,100667,N,Standard,aisha.mensah@acme-fake.test,Liam Haddad,N,2739,4024,1506,501,Y,,,,,Noted a concern to revisit at the next sync.,,taylor.silva@sampleco.test,,Scheduled a check-in for the coming month.,noah.sato@examplecorp.test,noah.ashby@demomail.test,Y,,,,,Alpha,Sofia Sato,Other,Standard,2023-12-04 15:15:00,4634,6018,Beta,Gamma,Delta,Alpha,2076,5413,3121,5351,6653,Delta,Riley Garcia,Noah Larsson,2024-05-24 04:17:00,,,,,,,,,,,,,,
700145,100770,Resource Care,100417,Customer Success Check-In,Final,N,Y,Scheduled a check-in for the coming month.,100200,Fatima Ivanov,N,,8.2,7.1,100784,Y,3.1,Are deliverables meeting expectations?,Happy with the progress.,8.3,9.1,Standard,N,2.3,1.9,8.5,9.3,6.3,4.1,3.7,,,N,,100432,Sofia Sato,2026-02-13 01:20:00,elena.okafor@examplecorp.test,,2026-03-25 08:22:00,sofia.sloan@demomail.test,Elena Garcia,,,,yara.sloan@acme-fake.test,Jamie Kim,mei.sloan@sampleco.test,Rowan Whitfield,Delta,100295,Y,Standard,riley.ford@demomail.test,Fatima Whitfield,N,9367,2814,3927,1821,N,,,,,Reviewed performance and gathered feedback.,,skyler.mercer@demomail.test,,Aligned on billing and renewal terms.,alex.sloan@sampleco.test,mei.okafor@examplecorp.test,N,Beta,,Gamma,,,Elena Ivanov,,Beta,2025-09-01 19:16:00,1258,2589,Standard,Other,Other,Other,5994,1260,7248,4397,4322,Other,Omar Calder,Elena Kim,2025-10-19 20:57:00,,,,,,,,,,,,,,
700146,100717,Resource Care,100288,Quarterly Review,Final,Y,Y,Followed up on the open items from last week.,100673,Yara Dorsey,Y,,9.5,9.0,100235,Y,8.2,How likely are you to continue the engagement?,Some concerns about turnaround time.,6.3,6.4,Delta,Y,1.2,4.2,4.5,1.7,9.8,8.4,4.0,,,N,,100596,Marco Garcia,2024-06-17 02:05:00,yara.brooks@demomail.test,,2023-05-04 14:05:00,alex.haddad@sampleco.test,,,,,aisha.silva@acme-fake.test,Diego Sato,drew.nguyen@demomail.test,Riley Rossi,Beta,100380,N,Delta,reese.ivanov@demomail.test,Morgan Patel,N,6850,6376,9964,4469,N,,,,,Discussed timeline and next steps with the account.,,jamie.whitfield@examplecorp.test,,Discussed timeline and next steps with the account.,chen.sloan@demomail.test,skyler.kim@sampleco.test,N,Delta,,,Standard,,Drew Larsson,,,2024-10-15 13:41:00,2116,485,Standard,Standard,Standard,Other,845,208,4124,4606,5121,Alpha,Marco Rossi,Rowan Calder,2024-12-12 23:23:00,7652,,,,,,,8751,,,,,,
700147,100161,Resource Care,100111,Wellness Check-In,Draft,N,Y,Reviewed performance and gathered feedback.,100568,Liam Ford,Y,,5.3,6.7,100788,N,2.9,How satisfied are you with the service?,Exceeding expectations.,2.4,7.6,Standard,Y,6.9,8.5,7.4,2.4,2.0,7.4,4.2,,,Y,,100670,Chen Silva,2024-03-27 00:53:00,quinn.whitfield@examplecorp.test,,2024-06-27 17:12:00,rowan.sloan@sampleco.test,Arjun Ivanov,,,Riley Ford,jamie.patel@demomail.test,Morgan Silva,sofia.ashby@acme-fake.test,Noah Blake,Other,100637,Y,Standard,nina.mercer@acme-fake.test,Liam Cohen,N,7439,3270,6991,588,Y,,,,,Discussed timeline and next steps with the account.,,quinn.whitfield@demomail.test,,Followed up on the open items from last week.,noah.okafor@acme-fake.test,nina.mensah@sampleco.test,Y,,,Other,,,Avery Kim,,,2025-01-19 19:08:00,5573,3228,Alpha,Beta,Beta,Delta,2042,1274,4989,2542,8414,Alpha,Aisha Silva,Noah Whitfield,2024-09-17 00:42:00,,,,,,,,,,,,,,
700148,100513,Resource Care,100220,Wellness Check-In,Final,Y,Y,Resolved the outstanding question about scope.,100295,Drew Blake,N,,2.9,7.6,100323,Y,5.3,How likely are you to continue the engagement?,Very satisfied overall.,4.1,8.4,Delta,Y,3.1,6.0,3.1,9.6,8.3,3.6,9.9,,,N,,100360,Morgan Cohen,2026-02-12 20:38:00,drew.silva@examplecorp.test,,2023-06-22 21:57:00,riley.ivanov@demomail.test,,,,,yara.mercer@demomail.test,Morgan Ashby,omar.patel@sampleco.test,Yara Kim,Gamma,100097,N,Beta,nina.garcia@demomail.test,Omar Calder,N,4635,9547,3477,7874,Y,,,,,Followed up on the open items from last week.,Taylor Ford,mei.cohen@examplecorp.test,,Resolved the outstanding question about scope.,riley.garcia@demomail.test,yara.reyes@demomail.test,N,,Resolved the outstanding question about scope.,Standard,,,,Beta,,2025-03-07 13:39:00,6263,6202,Standard,Standard,Standard,Other,3548,5241,6983,941,4888,Other,Quinn Sato,Liam Silva,2024-07-20 04:27:00,,,,,,Beta,,,,,,,,
700149,100090,Resource Care,100360,Quarterly Review,Final,N,N,Aligned on billing and renewal terms.,100391,Omar Dorsey,N,,1.0,10.0,100015,N,3.2,How likely are you to continue the engagement?,"Going well, minor tweaks needed.",2.0,8.0,Standard,Y,8.7,5.1,2.7,3.2,6.6,4.0,9.2,,,Y,,100255,Casey Cohen,2024-07-17 20:57:00,noah.ashby@sampleco.test,,2026-01-17 12:26:00,arjun.blake@acme-fake.test,Omar Calder,,Gamma,Liam Silva,diego.ford@examplecorp.test,Elena Costa,sofia.ivanov@acme-fake.test,Quinn Okafor,Standard,100393,Y,Other,taylor.sato@sampleco.test,Priya Whitfield,N,360,8585,929,3853,N,,,,,Discussed timeline and next steps with the account.,,sofia.reyes@examplecorp.test,,Aligned on billing and renewal terms.,avery.nguyen@demomail.test,morgan.garcia@acme-fake.test,N,,,Gamma,,Gamma,,,,2026-05-29 18:20:00,4487,2801,Beta,Alpha,Standard,Alpha,1607,3127,1914,5696,9549,Beta,Mei Calder,Sofia Sloan,2024-05-23 04:39:00,,,Delta,,,,,,,,,Gamma,,
700150,100531,Customer Management,100503,Quarterly Review,Final,Y,Y,Aligned on billing and renewal terms.,100520,Riley Silva,Y,,9.0,1.6,100709,Y,7.0,How is communication with your team?,"Going well, minor tweaks needed.",1.7,9.9,Beta,N,7.7,3.7,7.9,6.1,1.6,9.3,9.0,,,Y,,100641,Omar Vance,2025-09-21 14:00:00,aisha.larsson@examplecorp.test,,2025-11-01 00:49:00,reese.calder@examplecorp.test,,,,,nina.whitfield@acme-fake.test,Alex Sato,taylor.patel@sampleco.test,Mei Brooks,Standard,100400,Y,Gamma,elena.ashby@sampleco.test,Fatima Reyes,N,9730,2880,4631,2060,N,,,,,Noted a concern to revisit at the next sync.,,diego.calder@examplecorp.test,,Scheduled a check-in for the coming month.,casey.whitfield@acme-fake.test,liam.calder@sampleco.test,N,,,,,,,,,2024-08-30 21:45:00,8961,173,Beta,Other,Delta,Standard,854,2302,201,9955,626,Other,Jamie Blake,Fatima Garcia,2024-04-05 13:51:00,,,,,,,,,,,,,,
700151,100548,Resource Care,100400,Customer Success Check-In,Final,N,Y,Resolved the outstanding question about scope.,100559,Rahul Calder,Y,,6.4,10.0,100331,N,4.1,How is communication with your team?,Some concerns about turnaround time.,1.6,9.5,Gamma,N,5.2,7.4,4.6,9.3,4.5,7.9,5.7,,,Y,,100786,Avery Larsson,2023-07-15 04:53:00,rahul.dorsey@demomail.test,,2023-03-08 13:02:00,yara.kim@examplecorp.test,,,,Alex Calder,jamie.sato@demomail.test,Casey Reyes,rahul.okafor@acme-fake.test,Emerson Brooks,Beta,100789,N,Gamma,alex.reyes@demomail.test,Quinn Blake,Y,4806,5781,7904,1127,Y,,,,,Followed up on the open items from last week.,,chen.ford@acme-fake.test,,Discussed timeline and next steps with the account.,priya.ashby@acme-fake.test,skyler.silva@sampleco.test,N,,Aligned on billing and renewal terms.,,,,,Beta,,2025-09-09 16:14:00,5419,8379,Other,Alpha,Other,Standard,5760,7428,5183,3288,9183,Gamma,Quinn Patel,Nina Ivanov,2023-04-28 02:14:00,,,,,,,,,,,,,,
700152,100151,Customer Management,100234,Wellness Check-In,Final,Y,N,Resolved the outstanding question about scope.,100111,Alex Silva,Y,,9.4,9.6,100437,N,8.8,How likely are you to continue the engagement?,Very satisfied overall.,6.0,2.1,Standard,N,6.2,3.3,2.4,5.6,4.7,3.2,6.7,,,Y,,100107,Omar Vance,2023-06-02 07:34:00,arjun.ford@demomail.test,,2024-03-02 13:20:00,rahul.kim@acme-fake.test,,,Gamma,,riley.calder@demomail.test,Avery Brooks,mei.nguyen@sampleco.test,Noah Costa,Alpha,100793,N,Standard,morgan.larsson@demomail.test,Casey Mercer,Y,5064,5733,7498,5825,N,,,,,Aligned on billing and renewal terms.,,omar.vance@sampleco.test,,Followed up on the open items from last week.,alex.vance@acme-fake.test,noah.patel@demomail.test,N,,,,,,,,,2025-12-31 16:51:00,9970,4978,Beta,Other,Delta,Standard,6113,7404,4646,4038,1195,Standard,Drew Whitfield,Mei Silva,2025-11-29 07:57:00,,,,,,,,,,,,,,
700153,100031,Customer Management,100343,Quarterly Review,Final,Y,Y,Discussed timeline and next steps with the account.,100445,Emerson Ford,N,,3.3,4.3,100676,N,9.0,Are deliverables meeting expectations?,Very satisfied overall.,7.1,3.7,Alpha,N,1.6,8.8,9.9,6.2,1.6,9.5,9.4,,,Y,,100617,Jamie Nguyen,2025-12-01 06:07:00,quinn.silva@acme-fake.test,,2025-02-22 15:29:00,diego.kim@sampleco.test,,,,,casey.rossi@sampleco.test,Riley Cohen,morgan.haddad@acme-fake.test,Reese Rossi,Standard,100325,N,Delta,sofia.calder@acme-fake.test,Noah Ivanov,Y,1772,3296,5274,3934,Y,,,,,Noted a concern to revisit at the next sync.,,nina.blake@acme-fake.test,,Discussed timeline and next steps with the account.,marco.silva@acme-fake.test,taylor.rossi@sampleco.test,Y,,,Gamma,,,,Beta,Delta,2022-11-27 05:58:00,8121,981,Alpha,Other,Standard,Other,8249,208,3104,1639,1053,Beta,Emerson Vance,Emerson Blake,2023-03-12 16:28:00,,,Alpha,,,,,,,,,,,
700154,100673,Resource Care,100063,Quarterly Review,Final,N,N,Aligned on billing and renewal terms.,100172,Fatima Rossi,N,,6.2,7.4,100481,N,5.1,How likely are you to continue the engagement?,Very satisfied overall.,3.2,3.4,Beta,N,4.2,8.1,6.3,9.8,9.1,8.5,9.5,,,N,,100037,Riley Dorsey,2025-05-20 23:17:00,drew.mensah@demomail.test,,2025-11-22 08:58:00,skyler.cohen@acme-fake.test,,,Alpha,,skyler.reyes@examplecorp.test,Skyler Haddad,omar.ford@sampleco.test,Riley Mensah,Alpha,100382,Y,Other,liam.garcia@sampleco.test,Chen Kim,N,6059,278,7872,4200,Y,,,,,Resolved the outstanding question about scope.,,reese.ford@sampleco.test,,Noted a concern to revisit at the next sync.,jordan.ashby@demomail.test,jamie.mercer@sampleco.test,Y,Other,,,,,,Delta,,2025-09-07 12:54:00,2685,7283,Other,Gamma,Alpha,Standard,1834,2000,7307,2439,8972,Standard,Aisha Vance,Taylor Dorsey,2023-03-11 02:32:00,,,,,,,,,,,,,,
700155,100468,Resource Care,100400,Wellness Check-In,Draft,Y,N,Shared the updated proposal for review.,100220,Noah Brooks,Y,,9.5,6.2,100484,N,1.6,Are deliverables meeting expectations?,Some concerns about turnaround time.,6.6,1.6,Beta,Y,7.8,7.6,4.9,5.5,1.2,4.8,2.5,,,Y,,100185,Jamie Rossi,2023-10-18 06:01:00,arjun.mercer@sampleco.test,,2024-09-26 04:59:00,chen.reyes@examplecorp.test,,,,,taylor.garcia@demomail.test,Quinn Garcia,rahul.ford@acme-fake.test,Emerson Larsson,Other,100069,Y,Beta,mei.haddad@demomail.test,Fatima Sato,Y,6520,6188,3367,3719,N,,,,Beta,Shared the updated proposal for review.,,rowan.larsson@demomail.test,,Scheduled a check-in for the coming month.,reese.whitfield@demomail.test,diego.mercer@demomail.test,Y,,,,,Other,Mei Calder,Beta,,2026-01-06 16:55:00,6889,8899,Other,Alpha,Alpha,Beta,2212,4234,1736,9491,434,Delta,Diego Mensah,Avery Larsson,2025-12-16 21:40:00,,,,,,,,,,,,,,
700156,100799,Resource Care,100332,Wellness Check-In,Final,N,N,Followed up on the open items from last week.,100513,Casey Blake,Y,,9.4,9.5,100049,Y,8.0,How likely are you to continue the engagement?,Happy with the progress.,9.5,2.6,Other,Y,8.0,8.4,9.5,7.7,9.6,6.7,3.6,,,N,,100368,Drew Cohen,2023-09-19 14:58:00,omar.rossi@acme-fake.test,,2022-10-04 03:51:00,drew.haddad@demomail.test,,,Beta,Sofia Haddad,chen.haddad@sampleco.test,Taylor Sato,avery.kim@acme-fake.test,Drew Reyes,Other,100482,Y,Delta,liam.whitfield@demomail.test,Arjun Okafor,Y,6685,4896,967,2384,Y,,,Beta,,Discussed timeline and next steps with the account.,,diego.mensah@demomail.test,,Resolved the outstanding question about scope.,omar.okafor@examplecorp.test,priya.cohen@examplecorp.test,Y,,,Gamma,,Standard,,,,2023-02-26 04:34:00,4222,7639,Beta,Alpha,Standard,Delta,8758,3753,749,563,5760,Other,Liam Kim,Skyler Garcia,2026-04-15 17:21:00,,,,,,,,,,,,,,
700157,100683,Customer Management,100110,Wellness Check-In,Final,Y,Y,Reviewed performance and gathered feedback.,100328,Morgan Sato,Y,,6.5,3.8,100527,N,8.5,How likely are you to continue the engagement?,Some concerns about turnaround time.,4.1,9.2,Alpha,N,4.1,2.4,2.8,7.9,8.4,9.2,4.5,,,Y,,100490,Diego Cohen,2022-10-15 22:45:00,aisha.rossi@examplecorp.test,Noah Mercer,2023-01-09 08:21:00,nina.sato@sampleco.test,,,,Taylor Garcia,nina.sato@examplecorp.test,Jamie Calder,rahul.costa@sampleco.test,Reese Ivanov,Alpha,100142,N,Gamma,casey.silva@demomail.test,Rahul Mensah,N,6039,8855,3374,2491,N,,,,,Reviewed performance and gathered feedback.,,reese.vance@acme-fake.test,,Noted a concern to revisit at the next sync.,casey.calder@acme-fake.test,nina.mercer@demomail.test,N,,,Beta,,,,Beta,,2025-04-06 05:50:00,119,1121,Gamma,Beta,Alpha,Standard,2739,9722,300,3799,729,Alpha,Taylor Brooks,Noah Reyes,2023-11-26 23:02:00,,,,Gamma,,,,,,,,,,
700158,100763,Resource Care,100784,Customer Success Check-In,Final,N,N,Discussed timeline and next steps with the account.,100026,Avery Brooks,N,,1.1,9.5,100259,N,7.1,Are deliverables meeting expectations?,"Going well, minor tweaks needed.",8.7,4.8,Beta,Y,2.9,2.5,8.5,4.7,9.5,6.0,9.6,,,N,,100380,Jamie Cohen,2026-05-08 08:55:00,rowan.ford@sampleco.test,,2026-07-01 23:53:00,reese.whitfield@demomail.test,,,,,omar.larsson@acme-fake.test,Liam Ford,omar.sato@acme-fake.test,Morgan Calder,Standard,100615,N,Alpha,morgan.costa@sampleco.test,Noah Ford,N,2155,7716,8878,9098,Y,,,,,Resolved the outstanding question about scope.,,jordan.vance@demomail.test,,Scheduled a check-in for the coming month.,jordan.dorsey@acme-fake.test,sofia.whitfield@examplecorp.test,N,Gamma,Scheduled a check-in for the coming month.,,,,Liam Cohen,,,2025-08-10 14:13:00,2923,8518,Gamma,Other,Delta,Standard,6338,2441,320,839,3495,Other,Alex Nguyen,Quinn Vance,2024-12-13 01:02:00,,,,,,,,,,,,,,
700159,100554,Customer Management,100329,Quarterly Review,Draft,Y,Y,Shared the updated proposal for review.,100151,Noah Brooks,N,,6.0,8.3,100156,N,7.9,Are deliverables meeting expectations?,Happy with the progress.,8.7,9.9,Beta,N,8.3,5.7,8.4,3.2,4.6,2.6,7.5,,,Y,,100760,Fatima Haddad,2023-09-27 20:47:00,chen.garcia@sampleco.test,,2026-05-20 13:48:00,emerson.silva@demomail.test,,,,,reese.brooks@demomail.test,Priya Rossi,emerson.kim@acme-fake.test,Rahul Ivanov,Gamma,100232,N,Standard,aisha.brooks@acme-fake.test,Mei Vance,Y,6767,7544,3031,1210,N,,,,,Scheduled a check-in for the coming month.,,noah.silva@sampleco.test,,Noted a concern to revisit at the next sync.,taylor.dorsey@sampleco.test,priya.brooks@sampleco.test,N,,Discussed timeline and next steps with the account.,,,,,,,2022-11-03 10:25:00,7426,175,Other,Alpha,Beta,Gamma,2452,4097,7176,1422,940,Delta,Rahul Silva,Liam Blake,2023-12-26 06:00:00,,,,Gamma,,,,,,,,,,
700160,100370,Customer Management,100184,Quarterly Review,Final,N,Y,Followed up on the open items from last week.,100646,Emerson Sato,Y,,7.2,9.8,100391,N,3.0,How likely are you to continue the engagement?,Very satisfied overall.,8.7,9.0,Other,Y,5.5,5.7,10.0,8.3,4.2,10.0,4.5,,,N,,100132,Avery Blake,2025-10-17 14:25:00,skyler.garcia@sampleco.test,,2023-02-27 18:06:00,marco.nguyen@demomail.test,Reese Ashby,,,Reese Ford,omar.haddad@demomail.test,Noah Whitfield,priya.garcia@acme-fake.test,Riley Sloan,Delta,100456,N,Standard,jordan.whitfield@examplecorp.test,Riley Brooks,Y,8385,2829,4582,5586,Y,,,,,Scheduled a check-in for the coming month.,,skyler.haddad@acme-fake.test,,Discussed timeline and next steps with the account.,emerson.cohen@sampleco.test,elena.whitfield@examplecorp.test,Y,,,,,Other,,,,2025-07-05 00:07:00,2961,1004,Standard,Gamma,Beta,Gamma,4478,2828,3433,2719,7455,Other,Rowan Larsson,Mei Costa,2025-09-12 02:56:00,,,,,,,,,,,,,,
700161,100104,Customer Management,100558,Wellness Check-In,Draft,Y,N,Aligned on billing and renewal terms.,100165,Quinn Whitfield,Y,,3.3,3.9,100708,N,2.6,How satisfied are you with the service?,"Going well, minor tweaks needed.",4.8,4.7,Alpha,N,3.2,9.1,1.8,7.8,5.3,3.2,4.1,,,Y,,100293,Skyler Costa,2022-12-18 12:27:00,emerson.calder@acme-fake.test,,2023-04-29 15:46:00,quinn.okafor@demomail.test,Taylor Calder,,Gamma,,arjun.silva@acme-fake.test,Rowan Costa,mei.mercer@sampleco.test,Aisha Reyes,Other,100352,Y,Alpha,liam.garcia@examplecorp.test,Liam Mensah,N,3040,9741,9062,5777,N,,,,,Resolved the outstanding question about scope.,,avery.dorsey@sampleco.test,,Aligned on billing and renewal terms.,elena.silva@acme-fake.test,aisha.brooks@acme-fake.test,N,,,,,,,,,2023-10-11 12:24:00,1178,9520,Gamma,Standard,Beta,Alpha,8630,5873,3825,5144,1833,Gamma,Morgan Calder,Jamie Mercer,2024-02-12 01:40:00,,,,,,,,,,,,,,
700162,100637,Resource Care,100286,Customer Success Check-In,Draft,N,Y,Followed up on the open items from last week.,100705,Jordan Dorsey,N,,2.3,5.7,100169,Y,4.1,How satisfied are you with the service?,Happy with the progress.,8.8,6.5,Delta,N,8.1,8.5,4.6,5.4,6.4,2.1,6.5,,,N,,100099,Priya Nguyen,2025-10-31 11:28:00,marco.kim@examplecorp.test,,2024-08-10 18:21:00,omar.cohen@examplecorp.test,,,,,alex.brooks@demomail.test,Avery Brooks,casey.mercer@demomail.test,Chen Blake,Standard,100722,N,Alpha,aisha.sloan@acme-fake.test,Alex Calder,Y,3772,2395,1241,7521,N,,,,,Noted a concern to revisit at the next sync.,,avery.nguyen@examplecorp.test,,Resolved the outstanding question about scope.,diego.rossi@sampleco.test,morgan.garcia@acme-fake.test,Y,,,,,Beta,,,,2025-04-29 19:45:00,6129,1897,Standard,Beta,Delta,Beta,1759,5427,9027,9856,6847,Other,Chen Haddad,Emerson Sato,2023-11-02 11:39:00,,,,,,,674,,,,,,,
700163,100259,Resource Care,100009,Quarterly Review,Final,Y,Y,Noted a concern to revisit at the next sync.,100353,Taylor Ivanov,Y,,1.3,9.2,100417,N,9.9,Any concerns we should address?,Exceeding expectations.,5.4,4.0,Other,Y,3.6,2.3,4.7,6.7,6.9,1.2,8.2,,,N,,100526,Drew Brooks,2026-05-22 22:36:00,liam.ford@examplecorp.test,,2024-02-17 23:14:00,elena.patel@acme-fake.test,,,,Liam Sloan,omar.cohen@examplecorp.test,Drew Brooks,sofia.cohen@sampleco.test,Casey Ford,Other,100148,N,Alpha,noah.brooks@sampleco.test,Alex Calder,N,1016,9795,7690,3144,Y,,,,,Followed up on the open items from last week.,,rowan.ashby@examplecorp.test,,Scheduled a check-in for the coming month.,nina.garcia@acme-fake.test,morgan.mensah@acme-fake.test,Y,Other,,Gamma,,,,,,2026-03-06 06:27:00,3164,2696,Other,Other,Delta,Other,6131,757,2942,9542,9355,Delta,Noah Vance,Mei Okafor,2024-10-03 14:09:00,,,,,,,,2587,,,,,,
700164,100046,Resource Care,100209,Wellness Check-In,Final,N,N,Shared the updated proposal for review.,100122,Casey Nguyen,N,,5.0,3.8,100548,N,8.9,How satisfied are you with the service?,Exceeding expectations.,1.4,7.9,Gamma,N,3.9,2.0,1.1,3.7,1.8,3.5,1.7,,,N,,100216,Priya Blake,2024-06-19 13:57:00,casey.ashby@acme-fake.test,,2024-11-13 05:01:00,casey.calder@sampleco.test,,,,,omar.reyes@sampleco.test,Omar Sloan,jamie.mercer@demomail.test,Alex Blake,Gamma,100625,N,Alpha,alex.okafor@demomail.test,Priya Dorsey,N,6811,2179,443,6553,N,,,,,Resolved the outstanding question about scope.,,jordan.dorsey@sampleco.test,,Followed up on the open items from last week.,reese.rossi@acme-fake.test,taylor.ford@acme-fake.test,N,Alpha,Discussed timeline and next steps with the account.,,,Other,Omar Sato,Beta,Other,2023-11-22 09:26:00,3227,6037,Standard,Delta,Delta,Other,6362,5101,4994,2697,1326,Other,Riley Reyes,Nina Ivanov,2023-10-29 02:09:00,,,,,,,,,,,,,,
700165,100538,Customer Management,100784,Customer Success Check-In,Final,N,Y,Shared the updated proposal for review.,100265,Diego Ivanov,Y,,2.3,1.2,100470,N,6.9,How satisfied are you with the service?,"Neutral, watching closely.",2.0,7.7,Standard,Y,6.2,3.0,4.5,4.8,6.0,4.0,1.4,,,N,,100555,Emerson Okafor,2023-04-20 23:04:00,riley.haddad@demomail.test,,2026-05-26 11:41:00,riley.garcia@examplecorp.test,Noah Calder,,Alpha,,arjun.brooks@sampleco.test,Riley Garcia,riley.calder@demomail.test,Jamie Rossi,Beta,100003,N,Alpha,yara.mercer@demomail.test,Priya Blake,N,8607,9419,8556,5697,Y,,,,,Reviewed performance and gathered feedback.,,casey.whitfield@sampleco.test,,Noted a concern to revisit at the next sync.,morgan.ivanov@acme-fake.test,omar.larsson@demomail.test,Y,,Reviewed performance and gathered feedback.,Other,Gamma,,,,,2024-03-25 02:51:00,8377,8401,Standard,Standard,Beta,Other,4914,1114,543,5828,8706,Other,Skyler Kim,Noah Sato,2026-05-24 16:40:00,,,,,,,,,,,,,,
700166,100089,Resource Care,100044,Customer Success Check-In,Final,Y,N,Scheduled a check-in for the coming month.,100197,Mei Haddad,N,,1.2,1.8,100343,N,9.6,How is communication with your team?,Exceeding expectations.,8.4,5.5,Gamma,N,4.5,5.8,6.9,3.1,2.3,9.1,3.7,,,N,,100708,Sofia Dorsey,2026-06-21 12:13:00,sofia.mercer@acme-fake.test,,2023-05-24 17:12:00,yara.ivanov@examplecorp.test,,,,,riley.rossi@examplecorp.test,Rowan Whitfield,marco.larsson@examplecorp.test,Liam Nguyen,Alpha,100069,N,Other,avery.sato@examplecorp.test,Fatima Brooks,Y,7389,4160,708,2916,Y,,,,,Scheduled a check-in for the coming month.,,rowan.patel@acme-fake.test,,Resolved the outstanding question about scope.,priya.mercer@acme-fake.test,drew.vance@sampleco.test,Y,,,,,,,Delta,,2024-01-09 23:23:00,2111,5174,Standard,Other,Gamma,Standard,1475,4942,1621,8311,5445,Beta,Mei Dorsey,Alex Silva,2025-10-01 16:27:00,1256,,,,,,,,,,,,,
700167,100598,Resource Care,100328,Quarterly Review,Draft,N,N,Discussed timeline and next steps with the account.,100141,Avery Costa,N,,4.3,3.1,100329,Y,9.5,How is communication with your team?,Very satisfied overall.,2.3,6.7,Standard,N,7.6,2.3,3.5,4.5,9.3,3.3,4.0,,,N,,100342,Noah Sloan,2025-11-23 16:35:00,chen.ashby@sampleco.test,,2026-02-13 00:28:00,marco.mensah@sampleco.test,,,,,liam.blake@sampleco.test,Morgan Kim,alex.ivanov@sampleco.test,Fatima Silva,Beta,100532,Y,Gamma,emerson.larsson@demomail.test,Drew Nguyen,N,9147,3038,4734,8965,Y,,,,,Reviewed performance and gathered feedback.,,marco.sato@acme-fake.test,,Aligned on billing and renewal terms.,morgan.kim@sampleco.test,morgan.nguyen@acme-fake.test,N,,,,,,,,,2023-06-26 14:50:00,7560,6301,Delta,Beta,Gamma,Other,1204,5641,2209,581,6933,Gamma,Reese Okafor,Mei Costa,2023-02-12 16:47:00,,,,,,,,,,,,,,
700168,100413,Customer Management,100539,Quarterly Review,Draft,N,N,Discussed timeline and next steps with the account.,100587,Quinn Patel,N,,5.6,6.0,100053,N,4.2,Are deliverables meeting expectations?,Happy with the progress.,4.5,5.3,Delta,N,7.9,5.0,3.5,4.2,9.9,5.4,8.5,,,Y,,100531,Aisha Dorsey,2023-10-30 02:42:00,alex.mensah@sampleco.test,,2024-08-23 09:09:00,drew.mensah@sampleco.test,Nina Reyes,,,,marco.dorsey@acme-fake.test,Chen Whitfield,sofia.ivanov@acme-fake.test,Mei Dorsey,Gamma,100503,Y,Gamma,aisha.nguyen@sampleco.test,Fatima Costa,Y,4021,5125,8795,3904,N,,,,Alpha,Aligned on billing and renewal terms.,,jordan.larsson@examplecorp.test,,Noted a concern to revisit at the next sync.,yara.mensah@acme-fake.test,priya.sloan@sampleco.test,N,,Followed up on the open items from last week.,,,,,Gamma,,2023-09-15 07:46:00,5829,1547,Delta,Gamma,Beta,Gamma,9991,6592,4548,3323,4023,Beta,Skyler Mensah,Reese Silva,2023-12-14 06:04:00,,,,,,,,,,,,,,
700169,100282,Resource Care,100418,Quarterly Review,Draft,Y,N,Noted a concern to revisit at the next sync.,100500,Avery Reyes,N,,6.6,5.8,100313,N,9.1,How is communication with your team?,Very satisfied overall.,4.3,7.7,Beta,N,9.1,4.9,3.5,7.9,5.2,4.3,8.9,,,Y,,100282,Skyler Cohen,2024-08-22 08:25:00,reese.ashby@demomail.test,,2026-04-01 18:16:00,casey.patel@examplecorp.test,,,Alpha,Casey Reyes,taylor.dorsey@acme-fake.test,Rowan Haddad,fatima.sato@demomail.test,Rahul Reyes,Standard,100685,N,Other,nina.ashby@acme-fake.test,Taylor Silva,N,3216,8393,8376,5007,Y,,,,,Resolved the outstanding question about scope.,,jordan.larsson@acme-fake.test,,Reviewed performance and gathered feedback.,emerson.okafor@sampleco.test,riley.larsson@examplecorp.test,Y,,,,,,,,Beta,2022-12-12 22:21:00,8884,369,Other,Other,Gamma,Beta,9218,5432,1245,5639,2898,Standard,Aisha Larsson,Omar Costa,2022-11-25 17:58:00,,,,,,,,,,,,,,
700170,100308,Customer Management,100518,Wellness Check-In,Final,Y,N,Shared the updated proposal for review.,100443,Rahul Haddad,N,,8.6,6.2,100522,Y,6.6,Any concerns we should address?,Very satisfied overall.,8.6,2.0,Standard,Y,2.8,7.4,3.1,3.0,3.9,4.9,6.7,,,Y,,100049,Skyler Sloan,2023-12-09 10:04:00,riley.dorsey@sampleco.test,,2024-10-11 11:25:00,marco.kim@acme-fake.test,Liam Brooks,,,,fatima.rossi@demomail.test,Noah Calder,emerson.nguyen@examplecorp.test,Alex Calder,Other,100295,N,Delta,jamie.ivanov@sampleco.test,Jamie Rossi,N,5987,1520,163,4626,Y,,,,,Discussed timeline and next steps with the account.,,alex.ivanov@demomail.test,,Discussed timeline and next steps with the account.,chen.patel@demomail.test,morgan.haddad@sampleco.test,N,Beta,,,Beta,Gamma,Casey Vance,Beta,Beta,2025-01-16 00:02:00,9728,7691,Alpha,Standard,Other,Delta,2474,2757,5866,628,9116,Gamma,Fatima Ford,Casey Sato,2024-10-14 23:49:00,,,,,,,,,,,,Delta,,
700171,100455,Customer Management,100015,Quarterly Review,Final,Y,N,Noted a concern to revisit at the next sync.,100302,Rahul Blake,Y,,1.8,8.6,100494,N,5.9,Are deliverables meeting expectations?,Very satisfied overall.,6.5,3.9,Gamma,Y,9.1,5.0,7.2,6.3,2.3,6.9,3.4,,,N,,100543,Sofia Brooks,2023-05-28 22:22:00,taylor.blake@sampleco.test,,2025-07-06 23:51:00,quinn.patel@acme-fake.test,,,Delta,,rowan.dorsey@acme-fake.test,Casey Dorsey,reese.haddad@demomail.test,Emerson Garcia,Gamma,100229,Y,Standard,drew.dorsey@sampleco.test,Rahul Garcia,Y,7700,8931,4831,9761,Y,,,,,Scheduled a check-in for the coming month.,,emerson.mensah@acme-fake.test,Gamma,Reviewed performance and gathered feedback.,sofia.okafor@acme-fake.test,diego.dorsey@demomail.test,Y,,Followed up on the open items from last week.,,Beta,Other,,,,2026-01-21 04:20:00,2554,4771,Standard,Standard,Beta,Alpha,3263,307,1619,2812,2194,Beta,Marco Sloan,Riley Haddad,2024-01-17 10:36:00,,,,,,,,,,,,,,
700172,100452,Resource Care,100044,Quarterly Review,Final,Y,N,Scheduled a check-in for the coming month.,100333,Riley Silva,Y,,6.6,4.7,100672,Y,9.9,How likely are you to continue the engagement?,"Going well, minor tweaks needed.",8.8,3.3,Standard,Y,2.2,8.2,2.7,5.6,7.8,1.2,7.4,,,Y,,100479,Diego Calder,2022-12-23 17:53:00,elena.mercer@demomail.test,,2024-03-27 07:53:00,avery.ashby@demomail.test,,,Gamma,,jamie.vance@examplecorp.test,Skyler Silva,sofia.haddad@examplecorp.test,Mei Haddad,Other,100031,N,Gamma,priya.silva@acme-fake.test,Reese Patel,N,1406,5032,497,9486,Y,,,,,Aligned on billing and renewal terms.,,rahul.reyes@sampleco.test,,Noted a concern to revisit at the next sync.,omar.ivanov@examplecorp.test,yara.calder@acme-fake.test,Y,,,,,Other,,,,2024-01-20 01:20:00,782,3412,Other,Alpha,Beta,Delta,3106,3609,9225,8282,5818,Beta,Fatima Silva,Elena Sato,2023-04-11 22:00:00,,,,,,,,,,,,,,
700173,100164,Customer Management,100168,Wellness Check-In,Final,Y,Y,Discussed timeline and next steps with the account.,100117,Elena Whitfield,Y,,1.3,8.0,100099,Y,2.3,How satisfied are you with the service?,Happy with the progress.,9.8,9.4,Other,Y,2.7,5.0,4.7,9.4,9.2,3.9,8.1,,,Y,,100798,Casey Patel,2023-03-06 10:51:00,arjun.larsson@acme-fake.test,,2024-04-28 02:57:00,omar.blake@sampleco.test,,,,,alex.costa@examplecorp.test,Yara Larsson,noah.dorsey@sampleco.test,Jamie Mensah,Gamma,100172,N,Beta,sofia.reyes@acme-fake.test,Emerson Cohen,Y,213,4525,329,9481,Y,,,,,Resolved the outstanding question about scope.,,taylor.sloan@examplecorp.test,,Scheduled a check-in for the coming month.,nina.ivanov@sampleco.test,aisha.brooks@examplecorp.test,Y,,,,,Standard,,,,2024-10-09 01:21:00,5407,108,Beta,Delta,Standard,Other,2725,3911,1276,9141,9689,Delta,Drew Patel,Mei Silva,2022-11-08 08:32:00,,,,,,,,,,,,,,
700174,100329,Resource Care,100749,Quarterly Review,Final,Y,N,Resolved the outstanding question about scope.,100336,Yara Mensah,N,,5.2,1.5,100649,Y,2.8,Are deliverables meeting expectations?,Some concerns about turnaround time.,7.1,2.4,Alpha,N,7.7,3.2,3.0,3.7,5.4,4.3,7.0,,,N,,100690,Casey Vance,2024-02-27 11:10:00,mei.rossi@acme-fake.test,,2025-02-19 09:54:00,elena.ashby@sampleco.test,,,,Jordan Ivanov,reese.nguyen@acme-fake.test,Marco Ford,drew.blake@demomail.test,Elena Garcia,Standard,100343,Y,Delta,arjun.garcia@demomail.test,Taylor Nguyen,Y,3749,9948,6320,5279,N,,,,,Reviewed performance and gathered feedback.,,priya.ivanov@sampleco.test,,Resolved the outstanding question about scope.,emerson.rossi@sampleco.test,jordan.costa@sampleco.test,N,,Scheduled a check-in for the coming month.,,,,Morgan Ivanov,,,2025-11-23 18:00:00,5625,9054,Beta,Other,Standard,Other,4446,4755,8345,1385,6551,Alpha,Aisha Mercer,Casey Ashby,2023-11-02 11:22:00,,,,,,,,,,,,,,
700175,100129,Customer Management,100456,Quarterly Review,Final,Y,N,Noted a concern to revisit at the next sync.,100239,Yara Mensah,N,,4.3,2.0,100604,Y,5.1,How satisfied are you with the service?,Exceeding expectations.,2.9,6.4,Beta,Y,6.1,9.0,1.3,8.2,6.5,8.2,3.9,,,N,,100180,Yara Haddad,2023-01-16 01:25:00,chen.silva@sampleco.test,,2026-01-16 09:59:00,riley.cohen@sampleco.test,,,Alpha,,noah.calder@demomail.test,Diego Kim,mei.nguyen@acme-fake.test,Reese Ford,Alpha,100393,Y,Beta,aisha.garcia@sampleco.test,Nina Costa,Y,4393,6291,663,4849,Y,,,,,Reviewed performance and gathered feedback.,,elena.sloan@sampleco.test,,Shared the updated proposal for review.,sofia.okafor@acme-fake.test,jordan.garcia@demomail.test,Y,,Resolved the outstanding question about scope.,Standard,,,,,,2022-11-25 15:58:00,2475,4600,Standard,Standard,Beta,Other,2448,6391,5107,7850,2011,Alpha,Skyler Larsson,Liam Cohen,2026-02-09 19:29:00,,,,,,,,,,,,,,
700176,100224,Customer Management,100620,Customer Success Check-In,Final,Y,N,Resolved the outstanding question about scope.,100452,Jamie Kim,Y,,8.1,2.5,100398,N,8.0,Are deliverables meeting expectations?,Exceeding expectations.,8.6,4.1,Gamma,N,3.1,7.1,10.0,6.6,4.9,9.5,2.1,,,N,,100176,Morgan Kim,2024-10-16 15:47:00,casey.blake@sampleco.test,,2024-12-02 13:14:00,elena.dorsey@examplecorp.test,,,Beta,,chen.sato@demomail.test,Drew Whitfield,elena.sloan@sampleco.test,Liam Dorsey,Standard,100129,Y,Beta,skyler.rossi@demomail.test,Rowan Mensah,Y,567,8997,9713,5575,Y,,,,,Followed up on the open items from last week.,,elena.calder@acme-fake.test,,Followed up on the open items from last week.,chen.calder@sampleco.test,riley.okafor@acme-fake.test,Y,,Aligned on billing and renewal terms.,,,,,,,2026-02-04 10:38:00,9822,3478,Delta,Alpha,Standard,Standard,7828,2392,9011,2903,6120,Standard,Rowan Ivanov,Jordan Kim,2024-07-16 11:13:00,,,,,,,,,,,,,,
700177,100798,Customer Management,100272,Customer Success Check-In,Final,N,Y,Aligned on billing and renewal terms.,100726,Fatima Cohen,N,,7.5,4.3,100403,Y,5.8,Are deliverables meeting expectations?,"Neutral, watching closely.",9.6,7.7,Other,Y,7.3,2.9,9.3,6.7,5.9,4.4,9.9,,,Y,,100213,Jamie Nguyen,2025-09-21 06:47:00,diego.rossi@sampleco.test,,2026-01-05 02:32:00,reese.calder@acme-fake.test,,,,,taylor.dorsey@demomail.test,Yara Whitfield,noah.rossi@demomail.test,Rahul Garcia,Gamma,100099,N,Other,alex.brooks@demomail.test,Emerson Sato,Y,4552,1641,1956,7947,Y,Gamma,,,,Reviewed performance and gathered feedback.,,taylor.larsson@demomail.test,,Reviewed performance and gathered feedback.,jamie.whitfield@demomail.test,jamie.patel@acme-fake.test,Y,,Reviewed performance and gathered feedback.,,,,,,,2024-09-16 05:10:00,5062,4774,Gamma,Delta,Other,Alpha,1226,8264,8953,3984,6433,Gamma,Casey Ford,Drew Blake,2023-02-17 11:19:00,,,,,,,,,,,,,,
700178,100552,Resource Care,100205,Quarterly Review,Final,Y,Y,Reviewed performance and gathered feedback.,100146,Riley Mensah,N,,4.6,9.8,100571,Y,8.3,How likely are you to continue the engagement?,Exceeding expectations.,6.0,7.1,Standard,N,5.8,8.8,7.0,2.4,1.2,5.5,1.4,,,Y,,100339,Rahul Nguyen,2026-07-20 12:20:00,diego.nguyen@acme-fake.test,,2024-04-07 02:53:00,taylor.dorsey@demomail.test,,,Standard,,omar.costa@examplecorp.test,Mei Okafor,jordan.kim@examplecorp.test,Avery Okafor,Gamma,100110,Y,Gamma,rahul.costa@examplecorp.test,Alex Dorsey,N,7128,4483,5607,3512,N,,,,,Followed up on the open items from last week.,,sofia.dorsey@examplecorp.test,,Resolved the outstanding question about scope.,rowan.ivanov@examplecorp.test,jordan.vance@demomail.test,Y,,Resolved the outstanding question about scope.,Beta,,,,,,2024-07-14 05:34:00,8131,8656,Beta,Delta,Standard,Other,5349,917,7935,8896,3759,Standard,Jordan Reyes,Marco Okafor,2025-05-29 01:36:00,,,,,,,,,,5569,,,,
700179,100738,Resource Care,100213,Wellness Check-In,Draft,Y,N,Aligned on billing and renewal terms.,100685,Quinn Reyes,Y,,8.9,7.2,100236,Y,3.1,How likely are you to continue the engagement?,"Neutral, watching closely.",8.4,8.0,Alpha,N,8.4,3.7,9.2,6.8,7.5,9.2,3.2,,,N,,100192,Morgan Dorsey,2026-01-08 10:45:00,riley.vance@examplecorp.test,,2022-12-18 12:51:00,drew.calder@demomail.test,,,,,rahul.calder@acme-fake.test,Mei Cohen,emerson.mercer@examplecorp.test,Reese Garcia,Beta,100551,Y,Alpha,sofia.okafor@sampleco.test,Reese Rossi,N,6746,1863,8157,2423,N,,,,,Discussed timeline and next steps with the account.,,fatima.brooks@demomail.test,,Followed up on the open items from last week.,skyler.mensah@demomail.test,taylor.dorsey@acme-fake.test,N,,,,,,Reese Costa,,Other,2025-06-13 12:22:00,9761,5332,Gamma,Other,Other,Gamma,5143,8422,1030,3122,2652,Beta,Jordan Whitfield,Aisha Nguyen,2024-09-02 15:26:00,,,,,,,,,,,,,,
700180,100793,Resource Care,100280,Customer Success Check-In,Draft,N,N,Scheduled a check-in for the coming month.,100325,Nina Sato,Y,,2.9,2.4,100555,Y,7.4,How is communication with your team?,Very satisfied overall.,8.4,4.3,Other,Y,3.4,4.6,2.1,6.6,5.6,5.1,9.4,,,Y,,100782,Drew Dorsey,2023-11-02 04:58:00,aisha.sato@examplecorp.test,,2024-02-13 10:51:00,arjun.calder@sampleco.test,,,,,diego.patel@demomail.test,Liam Cohen,fatima.larsson@acme-fake.test,Priya Garcia,Gamma,100661,Y,Alpha,riley.calder@sampleco.test,Chen Patel,N,5919,6250,9117,1697,Y,,,,,Scheduled a check-in for the coming month.,,casey.sato@sampleco.test,,Reviewed performance and gathered feedback.,jamie.blake@sampleco.test,elena.calder@sampleco.test,Y,,,,,,,,,2026-06-28 07:27:00,6640,2267,Alpha,Delta,Standard,Standard,5415,6048,5047,6069,7830,Beta,Aisha Ford,Quinn Costa,2023-02-09 03:10:00,,,,,,,,,,,,,,
700181,100173,Customer Management,100272,Quarterly Review,Final,Y,N,Reviewed performance and gathered feedback.,100673,Liam Ivanov,N,,2.9,6.7,100310,N,5.5,Are deliverables meeting expectations?,"Going well, minor tweaks needed.",8.0,8.2,Other,Y,6.5,2.1,7.8,2.1,7.5,7.3,6.4,,,N,,100646,Skyler Rossi,2024-04-26 12:57:00,casey.reyes@examplecorp.test,,2022-10-29 03:33:00,fatima.mensah@acme-fake.test,,,,,taylor.patel@demomail.test,Riley Dorsey,riley.ashby@demomail.test,Emerson Calder,Gamma,100363,Y,Gamma,chen.sloan@sampleco.test,Emerson Reyes,Y,1401,6197,2016,6686,Y,,,,,Discussed timeline and next steps with the account.,,emerson.mercer@demomail.test,,Aligned on billing and renewal terms.,alex.sato@sampleco.test,arjun.nguyen@demomail.test,Y,Alpha,,,Delta,,,Alpha,Gamma,2023-07-08 10:26:00,261,29,Gamma,Standard,Delta,Gamma,5042,4687,1890,2490,44,Standard,Mei Costa,Jamie Mensah,2024-06-17 08:19:00,,,,,,,,,,,,,,
700182,100449,Resource Care,100113,Wellness Check-In,Final,N,N,Noted a concern to revisit at the next sync.,100142,Avery Silva,N,,6.9,9.0,100484,Y,2.3,How satisfied are you with the service?,Exceeding expectations.,3.3,2.3,Gamma,N,1.9,1.9,7.2,4.5,8.4,5.1,4.7,,,N,,100627,Mei Garcia,2024-05-24 06:53:00,rowan.rossi@examplecorp.test,,2025-08-08 17:26:00,chen.nguyen@demomail.test,,,,Emerson Whitfield,avery.garcia@examplecorp.test,Alex Reyes,rahul.brooks@examplecorp.test,Alex Vance,Beta,100688,N,Delta,omar.okafor@examplecorp.test,Emerson Whitfield,N,9271,436,4963,126,N,,,,,Shared the updated proposal for review.,,taylor.silva@sampleco.test,,Followed up on the open items from last week.,chen.calder@sampleco.test,diego.whitfield@sampleco.test,Y,,,,,Gamma,,,,2024-04-05 16:02:00,909,5227,Other,Standard,Other,Gamma,7363,1893,3642,626,2953,Delta,Liam Cohen,Rowan Ashby,2024-10-15 09:20:00,,,,Gamma,,,,,,,,,,
700183,100741,Customer Management,100484,Quarterly Review,Draft,Y,N,Discussed timeline and next steps with the account.,100383,Emerson Silva,Y,,4.8,7.2,100658,Y,2.5,Are deliverables meeting expectations?,Some concerns about turnaround time.,3.7,3.9,Other,N,2.9,2.6,8.7,4.8,2.5,5.2,5.7,,,N,,100267,Aisha Rossi,2026-04-01 22:10:00,skyler.reyes@sampleco.test,,2023-06-06 17:53:00,liam.ivanov@examplecorp.test,,,,,priya.whitfield@acme-fake.test,Riley Cohen,aisha.mensah@acme-fake.test,Riley Sato,Gamma,100424,N,Gamma,emerson.silva@sampleco.test,Casey Nguyen,N,4958,7155,201,2098,N,,,,,Reviewed performance and gathered feedback.,,aisha.mensah@acme-fake.test,,Scheduled a check-in for the coming month.,nina.nguyen@sampleco.test,nina.garcia@examplecorp.test,Y,,,Gamma,,Other,,,,2025-03-05 22:01:00,2710,3135,Alpha,Alpha,Alpha,Delta,3917,9440,9854,7874,1686,Gamma,Omar Costa,Diego Haddad,2022-12-05 16:04:00,,,,,,,,,,,,,,
700184,100336,Resource Care,100799,Customer Success Check-In,Draft,N,Y,Aligned on billing and renewal terms.,100569,Drew Ashby,N,,5.5,1.5,100408,N,8.2,How satisfied are you with the service?,"Neutral, watching closely.",8.3,7.3,Standard,Y,1.1,3.5,3.7,4.4,3.5,6.6,1.3,,,Y,,100798,Quinn Rossi,2024-05-16 14:22:00,rowan.kim@examplecorp.test,,2025-07-17 09:09:00,elena.okafor@acme-fake.test,,,,Casey Vance,jamie.kim@examplecorp.test,Omar Dorsey,taylor.ford@acme-fake.test,Diego Blake,Standard,100684,N,Other,yara.brooks@sampleco.test,Quinn Okafor,N,1327,1836,2987,4859,N,,,,,Shared the updated proposal for review.,,fatima.costa@examplecorp.test,,Scheduled a check-in for the coming month.,taylor.whitfield@examplecorp.test,avery.whitfield@sampleco.test,N,,,,,,,,Beta,2024-05-28 08:18:00,7543,4488,Alpha,Other,Gamma,Alpha,8141,5941,6842,4103,8895,Beta,Noah Brooks,Drew Larsson,2023-12-01 03:04:00,,,,,,,,,,,,,,
700185,100474,Resource Care,100559,Quarterly Review,Final,N,Y,Shared the updated proposal for review.,100555,Jamie Ford,N,,10.0,4.3,100554,N,7.7,Are deliverables meeting expectations?,Very satisfied overall.,7.0,2.4,Standard,N,6.6,4.7,3.5,6.1,9.9,6.8,2.0,,,Y,,100151,Mei Calder,2024-07-13 11:40:00,morgan.ivanov@demomail.test,Riley Reyes,2023-03-07 15:01:00,elena.mensah@sampleco.test,,,,,rahul.ashby@examplecorp.test,Rowan Ashby,reese.rossi@demomail.test,Sofia Okafor,Beta,100026,N,Other,arjun.blake@acme-fake.test,Skyler Nguyen,N,8697,9821,8773,1228,N,,,,Delta,Shared the updated proposal for review.,,skyler.patel@examplecorp.test,,Aligned on billing and renewal terms.,skyler.patel@acme-fake.test,alex.ashby@sampleco.test,Y,,,,Gamma,Beta,,Beta,,2024-07-30 03:27:00,9999,483,Delta,Delta,Alpha,Delta,4059,5822,8442,1201,5982,Beta,Diego Calder,Omar Garcia,2023-10-02 07:42:00,,,,,,,,,,,,,,
700186,100241,Resource Care,100388,Quarterly Review,Final,N,N,Shared the updated proposal for review.,100132,Priya Cohen,N,,5.7,9.4,100552,N,4.5,Are deliverables meeting expectations?,Very satisfied overall.,2.7,9.2,Standard,N,7.1,1.5,9.0,5.5,5.1,7.5,4.4,,,N,,100334,Jordan Patel,2025-09-16 23:35:00,diego.vance@examplecorp.test,,2023-11-08 14:24:00,liam.patel@acme-fake.test,,,Delta,,rahul.kim@examplecorp.test,Liam Mensah,avery.okafor@acme-fake.test,Yara Nguyen,Beta,100454,Y,Delta,priya.costa@examplecorp.test,Aisha Ford,N,9119,8566,4051,1230,Y,,,,,Reviewed performance and gathered feedback.,,drew.ashby@examplecorp.test,,Shared the updated proposal for review.,casey.calder@examplecorp.test,reese.patel@demomail.test,Y,,,,,Other,,,,2022-10-26 16:34:00,2283,3987,Standard,Standard,Alpha,Delta,198,5779,2520,4556,8296,Other,Emerson Ashby,Quinn Calder,2025-02-09 14:45:00,,,,,,,7107,,,,,,,Riley Patel
700187,100034,Customer Management,100136,Quarterly Review,Final,N,Y,Reviewed performance and gathered feedback.,100464,Aisha Blake,N,,6.4,7.0,100641,Y,4.2,How likely are you to continue the engagement?,Very satisfied overall.,2.4,3.0,Standard,N,4.2,2.6,1.8,4.1,1.3,8.3,5.6,,,Y,,100280,Aisha Kim,2025-08-23 13:51:00,jordan.sloan@sampleco.test,,2024-07-17 14:16:00,skyler.mercer@sampleco.test,,,,,chen.nguyen@examplecorp.test,Avery Sato,alex.sloan@demomail.test,Casey Ivanov,Gamma,100120,Y,Beta,taylor.blake@examplecorp.test,Jordan Larsson,Y,4910,4998,4846,6747,N,,,,,Resolved the outstanding question about scope.,,jordan.calder@examplecorp.test,,Noted a concern to revisit at the next sync.,diego.ivanov@examplecorp.test,noah.blake@examplecorp.test,Y,,Scheduled a check-in for the coming month.,Alpha,,,Rahul Calder,,,2023-08-29 00:43:00,3622,3650,Delta,Delta,Alpha,Gamma,5042,1953,3330,8532,3263,Standard,Jordan Reyes,Nina Silva,2026-03-19 21:49:00,,,,,,,,,,,,,,
700188,100342,Customer Management,100371,Wellness Check-In,Draft,N,N,Followed up on the open items from last week.,100420,Chen Ivanov,N,,8.4,7.5,100352,Y,3.6,Are deliverables meeting expectations?,Some concerns about turnaround time.,9.8,3.9,Delta,Y,5.7,4.6,5.3,3.9,1.4,4.2,9.6,,,N,,100041,Arjun Haddad,2023-07-24 12:41:00,rahul.whitfield@examplecorp.test,Fatima Costa,2025-06-18 07:35:00,noah.mercer@examplecorp.test,Sofia Nguyen,,,,omar.kim@examplecorp.test,Marco Dorsey,avery.patel@demomail.test,Arjun Blake,Alpha,100559,Y,Other,noah.sloan@acme-fake.test,Liam Ashby,Y,3029,5342,4135,8095,N,,,,,Resolved the outstanding question about scope.,,skyler.haddad@acme-fake.test,,Discussed timeline and next steps with the account.,drew.ashby@sampleco.test,alex.sato@acme-fake.test,N,,,,,Beta,Arjun Patel,,,2025-12-21 08:00:00,9896,6639,Other,Delta,Other,Other,737,60,9009,6103,1003,Standard,Noah Nguyen,Marco Ashby,2024-10-26 03:48:00,,,,,,,,,,,,,,
700189,100058,Customer Management,100803,Wellness Check-In,Draft,Y,Y,Aligned on billing and renewal terms.,100282,Drew Dorsey,Y,,4.2,9.2,100171,N,6.0,How satisfied are you with the service?,Happy with the progress.,1.9,3.4,Standard,N,1.8,6.5,1.7,4.1,3.0,8.4,8.4,,,N,,100076,Avery Whitfield,2024-12-16 08:05:00,skyler.sloan@demomail.test,,2026-01-21 22:12:00,drew.blake@sampleco.test,,,Standard,Aisha Cohen,yara.mensah@demomail.test,Jordan Mensah,avery.reyes@examplecorp.test,Liam Rossi,Other,100738,Y,Other,fatima.haddad@examplecorp.test,Chen Garcia,N,8914,9976,3105,290,N,,,,,Shared the updated proposal for review.,,jordan.whitfield@sampleco.test,Alpha,Followed up on the open items from last week.,reese.dorsey@acme-fake.test,drew.reyes@acme-fake.test,N,,,,,,,Other,,2026-05-29 08:42:00,6755,6650,Delta,Alpha,Other,Delta,4238,4394,3214,1622,385,Delta,Diego Sloan,Mei Vance,2023-10-25 17:37:00,,,,,,,,,,,,,,
700190,100664,Resource Care,100168,Quarterly Review,Final,N,N,Resolved the outstanding question about scope.,100029,Emerson Reyes,Y,,2.5,2.8,100388,N,9.3,How satisfied are you with the service?,Happy with the progress.,9.3,7.4,Beta,N,9.0,5.6,5.1,8.3,8.6,4.1,2.5,,,Y,,100003,Mei Blake,2026-07-27 01:35:00,priya.whitfield@examplecorp.test,,2025-02-05 18:01:00,chen.brooks@demomail.test,,,,Jordan Calder,jordan.blake@sampleco.test,Aisha Vance,marco.haddad@demomail.test,Jordan Garcia,Other,100445,N,Gamma,reese.ivanov@examplecorp.test,Sofia Mercer,Y,8522,1548,764,2352,Y,,,,,Followed up on the open items from last week.,,liam.haddad@examplecorp.test,,Followed up on the open items from last week.,skyler.calder@acme-fake.test,rowan.patel@sampleco.test,N,,Aligned on billing and renewal terms.,Other,,,,,,2026-02-17 16:26:00,9291,1553,Standard,Other,Delta,Beta,3764,8019,2216,298,8286,Gamma,Avery Brooks,Quinn Patel,2023-04-12 16:22:00,,,,,,,,,,,,,,
700191,100736,Resource Care,100772,Customer Success Check-In,Final,N,Y,Shared the updated proposal for review.,100188,Morgan Mensah,Y,,8.7,3.6,100122,Y,9.1,Are deliverables meeting expectations?,"Going well, minor tweaks needed.",7.1,8.2,Standard,Y,5.5,8.8,5.0,4.5,2.1,4.6,3.2,,,Y,,100343,Rahul Cohen,2023-03-06 01:17:00,drew.brooks@demomail.test,,2024-01-18 01:19:00,yara.sloan@acme-fake.test,,,Standard,,skyler.brooks@demomail.test,Noah Whitfield,avery.vance@sampleco.test,Jamie Nguyen,Other,100388,N,Beta,jordan.blake@demomail.test,Sofia Vance,N,6887,9750,660,9295,N,,,,,Followed up on the open items from last week.,,elena.whitfield@sampleco.test,,Resolved the outstanding question about scope.,reese.sato@acme-fake.test,jordan.calder@sampleco.test,N,,Shared the updated proposal for review.,,Gamma,Gamma,,,Alpha,2025-12-23 17:49:00,43,3962,Delta,Gamma,Beta,Beta,2126,2642,7651,2020,7129,Standard,Elena Cohen,Nina Dorsey,2024-03-31 21:05:00,,,,,,,,,,,,,,
700192,100217,Customer Management,100565,Customer Success Check-In,Draft,Y,N,Reviewed performance and gathered feedback.,100023,Quinn Sloan,N,,9.3,3.0,100153,Y,1.7,Are deliverables meeting expectations?,Happy with the progress.,6.1,8.7,Alpha,Y,3.9,9.9,9.0,6.3,8.4,6.1,2.2,,,N,,100613,Yara Calder,2023-03-04 00:27:00,taylor.mensah@acme-fake.test,,2024-02-12 13:44:00,rahul.sloan@examplecorp.test,Liam Nguyen,,Alpha,,avery.kim@examplecorp.test,Chen Mercer,sofia.mercer@sampleco.test,Nina Cohen,Alpha,100522,Y,Alpha,chen.brooks@acme-fake.test,Liam Nguyen,Y,2225,8145,1288,3817,Y,,,,,Scheduled a check-in for the coming month.,,rowan.larsson@sampleco.test,,Shared the updated proposal for review.,quinn.ford@examplecorp.test,emerson.costa@sampleco.test,Y,,,,,,,,,2023-01-11 16:53:00,4830,8145,Other,Standard,Gamma,Delta,6535,2591,256,8035,3465,Beta,Reese Brooks,Emerson Blake,2023-07-02 10:11:00,,,,,,,,1235,,,,,,
700193,100784,Resource Care,100539,Customer Success Check-In,Draft,N,Y,Aligned on billing and renewal terms.,100146,Morgan Kim,N,,8.9,9.9,100522,Y,1.4,How likely are you to continue the engagement?,"Neutral, watching closely.",9.8,9.8,Beta,N,5.7,2.4,5.0,7.1,2.3,8.6,1.5,,,N,,100216,Fatima Garcia,2023-02-26 21:18:00,drew.whitfield@examplecorp.test,,2024-02-10 22:52:00,skyler.calder@acme-fake.test,Nina Ashby,,,Mei Dorsey,skyler.okafor@demomail.test,Diego Dorsey,yara.dorsey@examplecorp.test,Casey Kim,Gamma,100585,Y,Gamma,jordan.silva@examplecorp.test,Liam Ford,N,3217,5017,348,2591,Y,,,,,Scheduled a check-in for the coming month.,,skyler.silva@examplecorp.test,,Resolved the outstanding question about scope.,rahul.dorsey@sampleco.test,yara.vance@sampleco.test,Y,,Shared the updated proposal for review.,,,,,,Alpha,2024-10-28 17:58:00,2295,8778,Delta,Standard,Other,Alpha,9761,9276,6433,540,6272,Delta,Marco Haddad,Aisha Sato,2023-05-21 12:58:00,,,,,,,,,,,,,,
700194,100597,Resource Care,100239,Wellness Check-In,Final,Y,Y,Shared the updated proposal for review.,100628,Rowan Ivanov,Y,,4.3,5.8,100161,N,9.4,How likely are you to continue the engagement?,"Neutral, watching closely.",8.1,1.5,Delta,Y,6.8,5.1,1.8,1.7,3.6,1.3,4.3,,,N,,100477,Riley Larsson,2023-04-29 07:56:00,skyler.haddad@demomail.test,,2024-09-13 16:06:00,fatima.kim@sampleco.test,,,,,skyler.calder@sampleco.test,Avery Nguyen,avery.kim@acme-fake.test,Marco Silva,Alpha,100554,N,Standard,nina.larsson@acme-fake.test,Jamie Mercer,N,665,2619,5770,5480,N,,,,,Scheduled a check-in for the coming month.,,emerson.silva@sampleco.test,,Shared the updated proposal for review.,arjun.mensah@demomail.test,mei.reyes@sampleco.test,Y,,,,Gamma,,,,,2025-06-13 03:07:00,9829,2699,Alpha,Beta,Delta,Delta,1835,2591,4099,629,6644,Standard,Diego Rossi,Sofia Okafor,2023-08-16 01:15:00,,,,,,,,,,,,,,
700195,100003,Resource Care,100366,Wellness Check-In,Final,N,Y,Shared the updated proposal for review.,100171,Rowan Nguyen,Y,,5.9,1.4,100298,N,9.0,Are deliverables meeting expectations?,Exceeding expectations.,6.8,9.3,Gamma,N,6.2,2.7,3.5,4.1,4.3,1.3,5.0,,,Y,,100123,Marco Brooks,2023-01-18 21:20:00,morgan.vance@acme-fake.test,,2022-10-24 19:48:00,priya.dorsey@acme-fake.test,,,,,fatima.reyes@acme-fake.test,Fatima Costa,drew.calder@acme-fake.test,Jamie Ivanov,Alpha,100117,N,Beta,mei.ashby@examplecorp.test,Alex Reyes,N,1168,202,70,7262,Y,,,,,Scheduled a check-in for the coming month.,,chen.nguyen@demomail.test,,Reviewed performance and gathered feedback.,jamie.dorsey@demomail.test,riley.whitfield@sampleco.test,N,,Noted a concern to revisit at the next sync.,,,Gamma,,Delta,,2023-03-01 13:33:00,3174,8822,Standard,Delta,Delta,Standard,3004,8983,7718,2211,6306,Other,Priya Haddad,Priya Kim,2024-10-16 15:23:00,,,,,,,,,,,,,,
700196,100798,Resource Care,100637,Quarterly Review,Final,N,N,Shared the updated proposal for review.,100513,Emerson Dorsey,Y,,5.2,9.1,100620,Y,7.4,How satisfied are you with the service?,"Neutral, watching closely.",6.9,6.6,Other,Y,8.8,5.9,3.0,6.6,9.8,3.5,6.4,,,N,,100410,Fatima Ford,2023-03-25 13:54:00,riley.nguyen@acme-fake.test,,2022-10-07 00:06:00,jamie.mensah@acme-fake.test,,,,,diego.dorsey@demomail.test,Quinn Patel,elena.nguyen@examplecorp.test,Yara Haddad,Alpha,100223,Y,Beta,diego.ford@demomail.test,Jordan Rossi,Y,5249,3786,6402,4735,N,,,,,Noted a concern to revisit at the next sync.,,aisha.brooks@sampleco.test,,Shared the updated proposal for review.,yara.mercer@examplecorp.test,avery.mensah@sampleco.test,N,Other,,,,,,,Gamma,2025-10-07 08:08:00,65,4286,Delta,Other,Delta,Gamma,6953,5863,9924,5726,4535,Beta,Rowan Calder,Jamie Larsson,2025-05-20 18:30:00,,,,,,Other,,,,,,,,
700197,100715,Customer Management,100782,Customer Success Check-In,Final,Y,N,Reviewed performance and gathered feedback.,100742,Riley Patel,Y,,2.9,8.4,100646,Y,2.8,How satisfied are you with the service?,Happy with the progress.,1.2,7.2,Other,Y,9.4,8.7,8.6,8.1,2.1,8.8,3.6,,,Y,,100332,Rahul Whitfield,2026-07-23 08:20:00,mei.calder@acme-fake.test,,2024-05-11 11:59:00,morgan.kim@acme-fake.test,,,,,drew.sloan@sampleco.test,Liam Calder,emerson.haddad@sampleco.test,Skyler Nguyen,Alpha,100177,Y,Standard,reese.cohen@sampleco.test,Mei Ivanov,Y,9549,2023,6053,1641,N,,,,,Noted a concern to revisit at the next sync.,Omar Patel,priya.cohen@demomail.test,,Scheduled a check-in for the coming month.,rahul.vance@examplecorp.test,liam.ford@examplecorp.test,N,,,,,,,,,2025-09-20 04:40:00,7452,8355,Other,Beta,Gamma,Standard,3140,4464,2304,6544,5903,Alpha,Marco Sloan,Diego Costa,2022-10-26 07:04:00,,,,,,,,,,,,,,
700198,100400,Customer Management,100559,Customer Success Check-In,Final,N,Y,Resolved the outstanding question about scope.,100040,Taylor Okafor,N,,3.1,7.9,100184,Y,4.0,How is communication with your team?,"Neutral, watching closely.",7.9,9.0,Alpha,N,8.2,4.9,2.7,5.5,5.8,7.6,2.6,,,N,,100574,Jordan Ford,2023-07-07 10:04:00,nina.whitfield@examplecorp.test,,2026-05-14 03:37:00,casey.larsson@sampleco.test,,,Gamma,,aisha.sloan@demomail.test,Elena Ashby,reese.cohen@acme-fake.test,Rowan Rossi,Other,100627,Y,Delta,nina.ashby@sampleco.test,Avery Mensah,Y,4941,7538,1663,9749,N,,,,,Resolved the outstanding question about scope.,,yara.brooks@sampleco.test,,Shared the updated proposal for review.,diego.larsson@acme-fake.test,emerson.silva@acme-fake.test,Y,,,,,,,,Beta,2023-05-29 21:07:00,76,9047,Delta,Gamma,Delta,Alpha,3135,2010,6363,4398,2791,Beta,Liam Larsson,Drew Okafor,2025-01-15 11:27:00,,,,,,,,,,5413,,,,
700199,100309,Customer Management,100408,Quarterly Review,Final,N,Y,Resolved the outstanding question about scope.,100800,Riley Sato,N,,4.5,3.2,100523,N,1.4,How likely are you to continue the engagement?,Happy with the progress.,1.1,3.0,Delta,N,8.8,8.2,5.6,7.9,2.8,7.3,4.0,,,N,,100616,Quinn Cohen,2026-07-02 23:32:00,morgan.kim@acme-fake.test,,2024-08-04 06:46:00,taylor.mensah@acme-fake.test,,,Alpha,Casey Costa,priya.sato@acme-fake.test,Taylor Haddad,arjun.sloan@demomail.test,Jordan Cohen,Beta,100377,N,Gamma,mei.mensah@demomail.test,Liam Patel,N,2974,6769,4933,237,N,,,,,Resolved the outstanding question about scope.,,mei.haddad@acme-fake.test,,Discussed timeline and next steps with the account.,taylor.brooks@sampleco.test,casey.okafor@examplecorp.test,N,Beta,,,Beta,,,,,2025-09-15 15:50:00,5837,4713,Alpha,Delta,Delta,Other,7028,9493,1238,3899,7772,Gamma,Avery Cohen,Chen Reyes,2024-12-29 21:47:00,,,,,,,,,7931,,,,,
700200,100046,Resource Care,100168,Customer Success Check-In,Final,Y,Y,Resolved the outstanding question about scope.,100041,Yara Sloan,Y,,8.4,3.8,100205,N,9.6,Are deliverables meeting expectations?,Happy with the progress.,9.6,6.3,Delta,N,4.5,6.4,3.9,5.5,2.5,5.6,7.0,,,Y,,100010,Riley Haddad,2023-11-13 16:19:00,liam.vance@demomail.test,,2023-02-20 11:02:00,quinn.rossi@acme-fake.test,,,,,rahul.ford@examplecorp.test,Drew Costa,mei.costa@acme-fake.test,Riley Nguyen,Other,100516,Y,Delta,taylor.sato@examplecorp.test,Avery Silva,N,6752,8296,4102,5306,N,,,,,Reviewed performance and gathered feedback.,,quinn.sato@examplecorp.test,,Noted a concern to revisit at the next sync.,alex.ashby@sampleco.test,noah.sato@demomail.test,N,Delta,,,Alpha,,,Standard,,2024-05-26 18:22:00,4182,7308,Beta,Beta,Beta,Standard,7354,3608,2304,8157,9003,Delta,Noah Ivanov,Chen Rossi,2026-06-22 13:03:00,,,,,,,,,,,,,,
700201,100223,Customer Management,100684,Customer Success Check-In,Final,N,Y,Resolved the outstanding question about scope.,100786,Liam Okafor,Y,,1.6,6.6,100474,Y,4.3,How is communication with your team?,"Neutral, watching closely.",6.5,9.8,Other,N,7.2,4.2,5.9,8.2,4.3,1.2,5.0,,,Y,,100209,Sofia Rossi,2023-04-22 00:30:00,casey.costa@acme-fake.test,,2026-03-06 23:42:00,priya.whitfield@sampleco.test,Sofia Costa,,Delta,,drew.blake@sampleco.test,Rowan Calder,alex.mensah@sampleco.test,Fatima Brooks,Gamma,100576,Y,Alpha,marco.ivanov@sampleco.test,Jamie Reyes,Y,6932,7623,2297,3389,N,,,,,Reviewed performance and gathered feedback.,,chen.blake@sampleco.test,,Scheduled a check-in for the coming month.,emerson.nguyen@demomail.test,chen.vance@demomail.test,Y,Other,,,,Beta,,,,2026-04-18 00:38:00,4633,9362,Beta,Beta,Gamma,Beta,8302,4782,5649,1527,6626,Delta,Marco Okafor,Priya Okafor,2023-03-17 19:27:00,,,,,,,,,,,,,,
700202,100242,Resource Care,100627,Quarterly Review,Final,Y,Y,Discussed timeline and next steps with the account.,100005,Skyler Patel,Y,,4.0,1.1,100587,N,9.4,Are deliverables meeting expectations?,Happy with the progress.,4.2,8.4,Alpha,Y,2.8,8.8,3.4,8.4,5.2,6.3,5.7,,,N,,100097,Rowan Calder,2024-05-31 13:37:00,drew.ashby@acme-fake.test,,2022-12-07 07:34:00,avery.costa@demomail.test,Yara Costa,,Standard,,riley.costa@acme-fake.test,Fatima Kim,chen.reyes@examplecorp.test,Sofia Rossi,Delta,100443,Y,Standard,casey.brooks@demomail.test,Fatima Ashby,N,2769,6383,6947,7646,Y,,Standard,,,Resolved the outstanding question about scope.,,aisha.mercer@acme-fake.test,,Resolved the outstanding question about scope.,casey.reyes@examplecorp.test,morgan.costa@acme-fake.test,Y,,,Other,Standard,Other,,,Standard,2025-11-09 09:38:00,4420,7618,Gamma,Alpha,Delta,Other,8943,1058,3097,9928,8074,Other,Riley Ivanov,Aisha Kim,2023-09-12 12:41:00,,,,,,,,,,,,,,
700203,100042,Resource Care,100089,Customer Success Check-In,Final,N,N,Aligned on billing and renewal terms.,100496,Skyler Cohen,N,,1.8,2.3,100265,Y,5.9,How likely are you to continue the engagement?,Very satisfied overall.,2.1,1.8,Gamma,Y,9.0,5.3,9.5,2.5,3.4,3.5,2.5,,,N,,100020,Priya Costa,2024-07-06 16:20:00,noah.haddad@sampleco.test,Skyler Haddad,2023-05-23 14:31:00,rowan.mercer@demomail.test,,,,Fatima Vance,sofia.ford@acme-fake.test,Omar Larsson,reese.vance@acme-fake.test,Aisha Mercer,Gamma,100020,Y,Gamma,chen.dorsey@acme-fake.test,Rahul Garcia,N,9154,766,8618,2636,N,,,,,Noted a concern to revisit at the next sync.,,yara.dorsey@acme-fake.test,,Discussed timeline and next steps with the account.,priya.mensah@acme-fake.test,avery.dorsey@acme-fake.test,Y,,,Alpha,,,,,,2024-06-02 08:02:00,9200,8843,Alpha,Delta,Other,Gamma,7353,3089,9585,1970,693,Other,Emerson Calder,Omar Ashby,2025-06-01 07:53:00,,,,Alpha,,,,,,,,,,
700204,100552,Resource Care,100031,Customer Success Check-In,Final,N,N,Aligned on billing and renewal terms.,100206,Morgan Calder,N,,2.4,5.5,100223,N,1.0,Are deliverables meeting expectations?,Some concerns about turnaround time.,4.7,2.1,Other,N,7.1,8.0,2.0,5.8,3.0,5.8,2.3,,,Y,,100083,Riley Haddad,2024-04-07 06:12:00,diego.reyes@acme-fake.test,,2025-04-17 10:16:00,rowan.okafor@sampleco.test,,,,,nina.reyes@examplecorp.test,Avery Nguyen,avery.brooks@demomail.test,Sofia Ford,Standard,100063,Y,Beta,sofia.dorsey@acme-fake.test,Sofia Whitfield,Y,2703,4232,7640,1757,N,,,,,Noted a concern to revisit at the next sync.,,avery.cohen@demomail.test,,Noted a concern to revisit at the next sync.,casey.dorsey@sampleco.test,aisha.rossi@acme-fake.test,Y,,Aligned on billing and renewal terms.,Beta,,,,Beta,,2024-09-19 00:57:00,7862,1402,Beta,Standard,Gamma,Delta,7656,7314,9901,6914,7734,Other,Noah Garcia,Sofia Ivanov,2022-12-28 22:24:00,,,,,,,,,1873,,,,,
700205,100298,Resource Care,100646,Wellness Check-In,Final,Y,Y,Discussed timeline and next steps with the account.,100685,Yara Reyes,N,,1.3,2.4,100415,N,5.4,How likely are you to continue the engagement?,Exceeding expectations.,9.2,6.8,Gamma,Y,2.3,1.5,8.3,4.3,3.6,3.8,2.6,,,Y,,100169,Elena Cohen,2026-07-28 12:10:00,taylor.costa@demomail.test,,2023-07-31 05:52:00,taylor.sato@examplecorp.test,Emerson Nguyen,,Other,Aisha Vance,liam.silva@demomail.test,Casey Whitfield,nina.cohen@examplecorp.test,Noah Silva,Gamma,100445,N,Other,rowan.sloan@examplecorp.test,Emerson Nguyen,N,6400,3008,9232,6290,N,,,,,Reviewed performance and gathered feedback.,Arjun Calder,rowan.ashby@acme-fake.test,,Resolved the outstanding question about scope.,rowan.garcia@acme-fake.test,aisha.nguyen@sampleco.test,Y,,Aligned on billing and renewal terms.,Other,,Alpha,,,,2023-06-14 02:32:00,1745,2906,Alpha,Standard,Standard,Beta,6273,5190,3029,1295,6745,Gamma,Arjun Sloan,Emerson Okafor,2024-05-06 16:25:00,,,,,,,,,,,,,,
700206,100185,Customer Management,100750,Quarterly Review,Final,N,Y,Resolved the outstanding question about scope.,100692,Elena Haddad,N,,8.4,8.9,100617,N,1.0,Are deliverables meeting expectations?,Happy with the progress.,2.1,5.7,Delta,Y,5.6,7.7,8.7,5.2,5.8,1.1,2.4,,,Y,,100786,Morgan Calder,2025-11-20 08:26:00,diego.mensah@acme-fake.test,,2024-10-04 17:03:00,noah.patel@demomail.test,,,,,priya.sloan@acme-fake.test,Yara Cohen,jordan.dorsey@acme-fake.test,Rowan Okafor,Delta,100445,Y,Beta,chen.brooks@acme-fake.test,Priya Haddad,Y,8100,453,8340,5871,N,,,,,Scheduled a check-in for the coming month.,,fatima.silva@sampleco.test,,Noted a concern to revisit at the next sync.,mei.kim@acme-fake.test,mei.larsson@acme-fake.test,N,,,Standard,Standard,,,,,2026-03-08 06:56:00,4379,6624,Alpha,Delta,Gamma,Gamma,5326,3447,8274,4100,4143,Standard,Reese Vance,Omar Ivanov,2023-01-06 19:29:00,,,,,,,,,,,,,,
700207,100782,Customer Management,100539,Quarterly Review,Final,N,N,Scheduled a check-in for the coming month.,100736,Sofia Ivanov,N,,1.9,1.4,100726,N,7.5,How is communication with your team?,Happy with the progress.,6.4,5.7,Delta,N,4.2,5.3,9.9,1.5,7.5,1.7,5.9,,,N,,100143,Fatima Mercer,2023-11-09 05:48:00,sofia.ashby@demomail.test,,2026-04-24 05:05:00,yara.costa@examplecorp.test,,,,,morgan.dorsey@examplecorp.test,Elena Garcia,noah.ivanov@sampleco.test,Liam Dorsey,Gamma,100313,Y,Delta,morgan.ford@acme-fake.test,Fatima Nguyen,N,2600,5956,5464,8423,Y,,,,,Reviewed performance and gathered feedback.,,avery.sato@acme-fake.test,,Aligned on billing and renewal terms.,chen.ivanov@demomail.test,liam.ford@examplecorp.test,Y,Beta,,Alpha,,,,,,2026-07-27 03:11:00,3504,4199,Other,Delta,Alpha,Delta,1512,4900,3681,3640,59,Alpha,Fatima Patel,Emerson Mensah,2025-09-10 23:07:00,,,,,,,,,,,,,,
700208,100467,Resource Care,100649,Wellness Check-In,Final,Y,N,Discussed timeline and next steps with the account.,100664,Fatima Sato,N,,5.6,5.5,100482,Y,9.1,How satisfied are you with the service?,"Going well, minor tweaks needed.",9.5,1.4,Other,N,7.4,1.6,2.1,2.8,4.7,7.1,9.5,,,N,,100282,Rowan Ivanov,2025-04-19 13:07:00,emerson.kim@sampleco.test,,2025-12-04 15:30:00,riley.mercer@sampleco.test,Chen Larsson,,,,quinn.sloan@sampleco.test,Casey Cohen,omar.silva@examplecorp.test,Diego Costa,Alpha,100180,Y,Standard,chen.sloan@acme-fake.test,Aisha Costa,N,5559,4265,4299,729,N,,,,,Noted a concern to revisit at the next sync.,,noah.calder@examplecorp.test,,Followed up on the open items from last week.,fatima.nguyen@acme-fake.test,chen.ivanov@acme-fake.test,N,,,Other,,,Jordan Vance,,Delta,2025-09-05 20:48:00,8248,6882,Standard,Standard,Alpha,Delta,8673,2392,5923,6260,7826,Standard,Alex Nguyen,Fatima Mercer,2023-03-22 02:58:00,,,,,,,,,,,,,,
700209,100243,Resource Care,100156,Customer Success Check-In,Final,Y,N,Noted a concern to revisit at the next sync.,100310,Liam Haddad,N,,5.2,3.1,100467,N,9.1,How satisfied are you with the service?,"Neutral, watching closely.",9.7,8.6,Beta,N,9.1,9.0,5.5,2.0,3.2,3.2,1.7,,,Y,,100780,Omar Reyes,2024-03-19 00:52:00,taylor.sato@demomail.test,,2022-12-03 13:12:00,chen.sato@acme-fake.test,,,,,omar.larsson@demomail.test,Liam Ivanov,jordan.ford@examplecorp.test,Yara Larsson,Other,100277,N,Standard,omar.brooks@sampleco.test,Reese Costa,Y,2744,4057,8483,2121,N,,Alpha,,,Shared the updated proposal for review.,,emerson.mensah@examplecorp.test,,Aligned on billing and renewal terms.,arjun.larsson@examplecorp.test,reese.mensah@acme-fake.test,N,,,,,,,,,2024-08-20 09:52:00,232,2940,Delta,Beta,Delta,Gamma,2165,8231,3810,6257,8175,Alpha,Arjun Sato,Riley Mensah,2022-10-08 14:56:00,,,,,,,,,,,,Gamma,,
700210,100496,Resource Care,100715,Wellness Check-In,Final,N,N,Scheduled a check-in for the coming month.,100041,Emerson Calder,Y,,7.8,2.0,100010,Y,4.6,How likely are you to continue the engagement?,Some concerns about turnaround time.,8.6,9.8,Alpha,Y,6.1,4.1,7.3,4.5,8.1,3.8,1.0,,,Y,,100576,Jamie Vance,2024-10-30 04:16:00,aisha.kim@acme-fake.test,,2026-07-13 10:58:00,elena.ashby@examplecorp.test,Sofia Patel,,,,omar.ashby@demomail.test,Casey Silva,noah.vance@sampleco.test,Priya Whitfield,Delta,100546,N,Delta,yara.blake@examplecorp.test,Chen Ashby,N,1035,7307,9497,39,N,,,Delta,,Discussed timeline and next steps with the account.,,alex.vance@sampleco.test,,Followed up on the open items from last week.,noah.sloan@examplecorp.test,rowan.larsson@examplecorp.test,Y,,,,,,,,,2024-12-04 19:32:00,1530,4357,Other,Beta,Delta,Other,8370,4571,9789,4631,266,Beta,Alex Blake,Morgan Ford,2023-01-04 23:30:00,,,,,,,,2031,,,,,,
700211,100272,Customer Management,100229,Customer Success Check-In,Final,Y,Y,Shared the updated proposal for review.,100494,Skyler Okafor,Y,,9.3,7.9,100051,Y,2.1,Are deliverables meeting expectations?,"Going well, minor tweaks needed.",9.6,4.2,Delta,Y,1.6,7.1,1.0,5.0,6.9,6.8,8.2,,,Y,,100090,Mei Dorsey,2026-06-03 14:43:00,casey.nguyen@sampleco.test,,2024-09-12 01:47:00,emerson.dorsey@examplecorp.test,,,,,diego.ashby@sampleco.test,Marco Mercer,chen.dorsey@demomail.test,Yara Dorsey,Other,100056,Y,Gamma,liam.silva@acme-fake.test,Jamie Rossi,N,612,4555,5051,9623,N,,,,,Noted a concern to revisit at the next sync.,,rahul.costa@acme-fake.test,,Shared the updated proposal for review.,riley.vance@demomail.test,mei.sato@examplecorp.test,N,,,Beta,Beta,,Sofia Garcia,,Other,2025-10-24 16:03:00,6176,5355,Alpha,Beta,Delta,Alpha,6464,6254,9246,3460,328,Standard,Sofia Nguyen,Quinn Whitfield,2024-02-18 10:47:00,,,,,,,,,,,,,,
700212,100798,Customer Management,100532,Customer Success Check-In,Draft,N,N,Scheduled a check-in for the coming month.,100486,Liam Okafor,N,,2.0,5.9,100664,N,6.3,How likely are you to continue the engagement?,Some concerns about turnaround time.,5.9,9.6,Gamma,Y,1.9,5.1,5.9,8.1,8.2,4.4,9.5,,,N,,100190,Priya Cohen,2024-08-10 02:14:00,quinn.okafor@acme-fake.test,,2025-05-28 10:32:00,aisha.silva@examplecorp.test,,,Other,Morgan Vance,jamie.sato@demomail.test,Arjun Kim,nina.nguyen@demomail.test,Rowan Sloan,Other,100462,N,Other,casey.whitfield@demomail.test,Mei Mercer,Y,6565,3254,8586,8015,Y,,,,,Reviewed performance and gathered feedback.,,chen.dorsey@demomail.test,,Resolved the outstanding question about scope.,morgan.okafor@examplecorp.test,noah.whitfield@demomail.test,Y,Standard,,,,Delta,Jamie Haddad,,,2026-02-12 09:11:00,8313,3065,Gamma,Delta,Beta,Standard,1645,2449,4268,1331,858,Standard,Morgan Ford,Fatima Calder,2023-06-06 05:34:00,,,,,,,,,,,,,,
700213,100482,Customer Management,100596,Wellness Check-In,Final,N,Y,Resolved the outstanding question about scope.,100679,Diego Mercer,Y,,9.9,2.3,100788,Y,3.0,Any concerns we should address?,"Going well, minor tweaks needed.",1.4,1.8,Beta,Y,1.8,9.6,5.0,8.6,9.0,1.1,6.9,,,Y,,100161,Mei Haddad,2026-02-02 01:59:00,priya.mercer@acme-fake.test,,2023-09-22 13:21:00,arjun.rossi@acme-fake.test,,,,,emerson.dorsey@examplecorp.test,Reese Brooks,emerson.patel@demomail.test,Diego Ivanov,Standard,100136,N,Delta,sofia.whitfield@demomail.test,Priya Brooks,N,5207,7022,4427,7967,Y,,,Alpha,,Resolved the outstanding question about scope.,,rahul.costa@examplecorp.test,,Discussed timeline and next steps with the account.,yara.sato@sampleco.test,casey.ivanov@examplecorp.test,Y,,,Delta,Standard,,,,,2026-02-03 09:10:00,9236,2463,Alpha,Alpha,Beta,Standard,515,1625,3444,9758,2628,Delta,Avery Ivanov,Chen Patel,2024-01-24 01:06:00,,,,,,,6103,,,,,,,
700214,100182,Customer Management,100251,Quarterly Review,Final,Y,N,Scheduled a check-in for the coming month.,100134,Mei Costa,Y,,8.8,6.0,100408,Y,3.7,How satisfied are you with the service?,Exceeding expectations.,1.3,4.0,Standard,N,6.9,5.5,1.7,1.9,6.2,8.0,6.1,,,N,,100742,Emerson Mercer,2024-09-21 17:41:00,diego.patel@acme-fake.test,Liam Ashby,2023-02-01 14:49:00,jordan.cohen@sampleco.test,,,,,yara.reyes@demomail.test,Chen Brooks,chen.haddad@examplecorp.test,Aisha Rossi,Beta,100641,Y,Delta,marco.ford@sampleco.test,Skyler Mensah,Y,7803,2267,6234,2588,N,,,,,Followed up on the open items from last week.,,aisha.whitfield@acme-fake.test,,Followed up on the open items from last week.,mei.cohen@sampleco.test,fatima.kim@examplecorp.test,N,,Resolved the outstanding question about scope.,Delta,,Delta,,,Gamma,2025-04-21 13:53:00,7753,6829,Standard,Delta,Gamma,Beta,5636,3072,7192,8050,3104,Other,Nina Silva,Marco Silva,2023-10-02 11:11:00,,,,,,,,,,,,,,
700215,100753,Customer Management,100796,Customer Success Check-In,Final,N,Y,Reviewed performance and gathered feedback.,100627,Yara Ford,Y,,9.1,3.8,100420,N,3.1,How is communication with your team?,Happy with the progress.,6.8,5.2,Other,N,6.8,7.7,3.3,5.0,3.4,8.8,5.3,,,N,,100622,Diego Okafor,2025-01-03 00:39:00,jamie.garcia@acme-fake.test,,2024-04-27 21:42:00,rahul.haddad@sampleco.test,,,Other,,rahul.mercer@demomail.test,Rowan Ashby,jordan.reyes@sampleco.test,Casey Costa,Gamma,100323,N,Other,chen.mercer@demomail.test,Fatima Okafor,N,3985,2317,7391,6983,N,,,,,Shared the updated proposal for review.,,chen.whitfield@sampleco.test,,Aligned on billing and renewal terms.,elena.garcia@examplecorp.test,alex.cohen@acme-fake.test,Y,,,,,,,Alpha,Beta,2024-02-14 07:23:00,1471,9921,Gamma,Standard,Standard,Alpha,9881,1803,6914,8158,389,Standard,Rowan Rossi,Diego Larsson,2023-11-19 21:37:00,,,,Standard,Delta,,,,,,,,,
700216,100037,Resource Care,100617,Wellness Check-In,Final,Y,N,Reviewed performance and gathered feedback.,100227,Yara Brooks,N,,2.0,3.2,100025,N,3.9,How is communication with your team?,Some concerns about turnaround time.,9.3,6.6,Delta,Y,9.1,2.0,6.6,4.8,2.4,5.6,1.6,,,Y,,100126,Morgan Patel,2026-07-21 13:20:00,skyler.ivanov@demomail.test,,2025-12-17 09:24:00,omar.larsson@acme-fake.test,,,,,jordan.silva@examplecorp.test,Liam Sato,rowan.nguyen@acme-fake.test,Marco Mercer,Gamma,100169,Y,Standard,chen.sloan@sampleco.test,Avery Dorsey,Y,4278,6495,4227,8623,N,,,,,Noted a concern to revisit at the next sync.,,chen.whitfield@sampleco.test,,Resolved the outstanding question about scope.,aisha.mercer@acme-fake.test,rahul.mensah@acme-fake.test,N,,,,,,,,Alpha,2023-11-16 10:09:00,6041,589,Beta,Gamma,Beta,Delta,5444,8103,2621,7871,450,Standard,Rahul Rossi,Casey Ivanov,2024-01-12 05:55:00,6618,,,,,,,6152,,,,,,
700217,100683,Customer Management,100530,Wellness Check-In,Draft,Y,N,Noted a concern to revisit at the next sync.,100203,Sofia Garcia,Y,,4.1,1.8,100398,Y,4.3,How likely are you to continue the engagement?,Some concerns about turnaround time.,2.7,7.4,Alpha,N,2.4,8.7,1.2,4.7,7.7,4.4,4.2,,,Y,,100760,Liam Whitfield,2023-06-12 23:52:00,priya.garcia@acme-fake.test,,2026-03-22 04:45:00,aisha.mensah@examplecorp.test,,,Delta,,jamie.ashby@examplecorp.test,Marco Calder,arjun.costa@examplecorp.test,Yara Garcia,Other,100288,Y,Delta,jamie.ashby@sampleco.test,Yara Ivanov,Y,7064,7022,5767,9598,N,Gamma,,,,Discussed timeline and next steps with the account.,,taylor.kim@demomail.test,,Reviewed performance and gathered feedback.,riley.blake@examplecorp.test,arjun.ford@acme-fake.test,N,Alpha,Resolved the outstanding question about scope.,,,,,,,2022-10-05 19:02:00,2242,7025,Standard,Beta,Alpha,Gamma,3380,5930,6422,7527,5348,Alpha,Morgan Garcia,Alex Okafor,2023-06-18 12:48:00,,,,,,,,,,,,,,
700218,100679,Resource Care,100389,Quarterly Review,Final,Y,Y,Shared the updated proposal for review.,100313,Sofia Mercer,Y,,7.2,3.4,100498,Y,7.2,How satisfied are you with the service?,"Neutral, watching closely.",7.1,3.1,Delta,Y,3.9,6.5,8.8,8.0,7.8,9.9,1.8,,,Y,,100344,Arjun Ford,2024-10-24 00:40:00,drew.brooks@examplecorp.test,,2025-07-07 22:16:00,yara.ford@sampleco.test,Elena Mercer,,,,jamie.mercer@acme-fake.test,Omar Haddad,sofia.blake@demomail.test,Rowan Haddad,Alpha,100569,Y,Gamma,jamie.whitfield@examplecorp.test,Diego Costa,N,931,8823,6704,2639,Y,,,,,Resolved the outstanding question about scope.,,noah.haddad@sampleco.test,,Discussed timeline and next steps with the account.,emerson.costa@acme-fake.test,emerson.garcia@sampleco.test,Y,Standard,,,,,,Standard,,2026-02-28 06:44:00,5566,103,Gamma,Standard,Alpha,Delta,9072,1864,3153,8470,6988,Beta,Rowan Calder,Marco Ford,2026-04-19 00:58:00,,,,,,,,,,,,,,Drew Garcia
700219,100148,Customer Management,100267,Wellness Check-In,Final,Y,N,Resolved the outstanding question about scope.,100031,Reese Sloan,N,,2.9,7.4,100516,N,9.3,How satisfied are you with the service?,Happy with the progress.,2.7,8.3,Gamma,Y,5.8,3.3,5.8,3.6,2.7,7.6,5.8,,,Y,,100049,Reese Calder,2025-08-19 18:57:00,taylor.okafor@acme-fake.test,,2024-11-05 04:50:00,morgan.blake@demomail.test,Liam Mercer,,,,quinn.ford@demomail.test,Noah Ford,reese.dorsey@demomail.test,Alex Brooks,Standard,100178,Y,Beta,jamie.sloan@acme-fake.test,Yara Sato,N,3025,2780,958,4970,N,,,Other,,Resolved the outstanding question about scope.,,sofia.patel@sampleco.test,,Reviewed performance and gathered feedback.,marco.rossi@demomail.test,chen.sloan@examplecorp.test,Y,Delta,,,,,Liam Silva,,,2024-02-07 02:03:00,2471,6552,Gamma,Other,Gamma,Standard,3692,4840,4402,1856,8875,Beta,Arjun Dorsey,Jordan Vance,2023-06-07 12:22:00,,,,,,,,,,,,Standard,,
700220,100771,Resource Care,100546,Wellness Check-In,Final,N,Y,Scheduled a check-in for the coming month.,100513,Nina Garcia,Y,,7.8,3.3,100569,Y,1.6,How likely are you to continue the engagement?,Exceeding expectations.,2.8,8.3,Standard,Y,7.8,9.9,1.5,8.8,3.4,5.1,2.1,,,Y,,100197,Yara Ivanov,2024-07-01 06:07:00,chen.ford@demomail.test,,2025-09-12 15:14:00,reese.reyes@sampleco.test,Chen Vance,,,,arjun.larsson@acme-fake.test,Jordan Larsson,arjun.mercer@sampleco.test,Taylor Ivanov,Alpha,100676,N,Standard,quinn.dorsey@acme-fake.test,Jamie Dorsey,Y,1232,2980,6329,2715,Y,,,,Delta,Shared the updated proposal for review.,,diego.dorsey@examplecorp.test,,Noted a concern to revisit at the next sync.,priya.brooks@demomail.test,quinn.whitfield@acme-fake.test,N,,,,,Standard,,,,2024-11-26 08:03:00,9238,1602,Beta,Other,Alpha,Standard,2367,2186,2904,589,5820,Delta,Fatima Nguyen,Casey Ashby,2026-03-28 08:21:00,6812,,,,,,,,,,,,,
700221,100316,Customer Management,100615,Customer Success Check-In,Final,N,Y,Discussed timeline and next steps with the account.,100040,Liam Calder,Y,,1.4,9.1,100080,Y,9.7,Any concerns we should address?,Happy with the progress.,5.6,8.8,Alpha,Y,1.4,5.3,8.7,7.9,3.5,9.4,1.2,,,N,,100554,Rowan Dorsey,2023-11-02 15:08:00,quinn.calder@acme-fake.test,,2026-02-06 07:24:00,riley.larsson@examplecorp.test,,,,,riley.kim@examplecorp.test,Liam Ivanov,liam.dorsey@demomail.test,Omar Blake,Standard,100012,Y,Alpha,alex.okafor@demomail.test,Aisha Brooks,N,5314,5509,8976,3294,Y,,,,,Resolved the outstanding question about scope.,Jordan Blake,jordan.sato@examplecorp.test,,Followed up on the open items from last week.,rowan.larsson@demomail.test,emerson.sloan@demomail.test,Y,,,,,,,Other,,2026-02-06 19:37:00,4999,4571,Alpha,Delta,Gamma,Other,6271,4885,5420,9634,8479,Alpha,Taylor Ashby,Reese Whitfield,2024-03-21 05:37:00,,,,,,,,,,,,,,
700222,100255,Customer Management,100511,Customer Success Check-In,Draft,Y,N,Noted a concern to revisit at the next sync.,100661,Sofia Patel,Y,,1.6,9.5,100424,Y,1.2,How is communication with your team?,Very satisfied overall.,4.1,6.0,Beta,Y,7.5,4.7,2.1,4.7,6.8,2.8,5.3,,,Y,,100101,Rowan Patel,2022-12-13 09:13:00,jamie.calder@sampleco.test,,2025-01-19 13:58:00,liam.calder@acme-fake.test,Morgan Reyes,,,Liam Calder,priya.brooks@demomail.test,Jordan Calder,reese.okafor@acme-fake.test,Avery Mensah,Alpha,100290,Y,Alpha,arjun.patel@sampleco.test,Arjun Ford,Y,4968,351,6010,8885,Y,,,,,Discussed timeline and next steps with the account.,,chen.patel@acme-fake.test,,Aligned on billing and renewal terms.,arjun.nguyen@demomail.test,noah.cohen@examplecorp.test,Y,,Reviewed performance and gathered feedback.,,,,,Standard,,2023-10-06 02:35:00,107,6581,Delta,Alpha,Beta,Alpha,4111,2355,2774,8089,7717,Alpha,Aisha Ivanov,Nina Mercer,2024-03-29 13:04:00,,,,,,,,,,,,,,
700223,100291,Customer Management,100285,Quarterly Review,Final,Y,Y,Reviewed performance and gathered feedback.,100482,Arjun Vance,N,,7.1,6.6,100213,N,5.2,Any concerns we should address?,Exceeding expectations.,2.4,7.8,Delta,Y,1.9,9.0,2.2,7.8,3.3,1.2,2.3,,,Y,,100090,Diego Sloan,2023-04-02 10:00:00,jordan.calder@sampleco.test,,2025-06-10 16:47:00,reese.sato@acme-fake.test,,,,,mei.larsson@acme-fake.test,Drew Haddad,liam.blake@demomail.test,Diego Larsson,Beta,100607,N,Other,jamie.okafor@acme-fake.test,Diego Ford,Y,3881,6,8230,668,N,,,,,Discussed timeline and next steps with the account.,,reese.ashby@examplecorp.test,,Followed up on the open items from last week.,noah.dorsey@sampleco.test,arjun.haddad@sampleco.test,N,,,,,Beta,,,Other,2024-04-12 17:09:00,6918,1341,Delta,Alpha,Standard,Delta,485,9512,9282,2495,9750,Gamma,Yara Mensah,Quinn Costa,2025-11-20 07:57:00,,,,Delta,,,,,,,,,,
700224,100104,Customer Management,100173,Quarterly Review,Final,Y,Y,Discussed timeline and next steps with the account.,100008,Morgan Sato,Y,,7.5,2.9,100620,Y,1.1,Are deliverables meeting expectations?,Exceeding expectations.,4.1,1.6,Standard,Y,3.0,5.7,1.3,5.4,4.1,6.6,4.8,,,N,,100784,Jamie Okafor,2026-04-04 23:57:00,jamie.mercer@sampleco.test,Marco Calder,2025-05-28 13:33:00,avery.ford@examplecorp.test,,,,,priya.sato@examplecorp.test,Quinn Nguyen,noah.haddad@examplecorp.test,Fatima Costa,Standard,100265,Y,Standard,reese.larsson@acme-fake.test,Jamie Okafor,N,9065,5026,7004,3980,N,,,,,Noted a concern to revisit at the next sync.,,skyler.vance@acme-fake.test,,Resolved the outstanding question about scope.,casey.whitfield@sampleco.test,rowan.sloan@examplecorp.test,N,,,,,Delta,,,,2023-08-22 17:33:00,547,5449,Other,Beta,Other,Alpha,1934,4614,5828,2961,9687,Delta,Omar Whitfield,Jamie Garcia,2025-03-03 10:54:00,,,,,Delta,,,,,,,,,
700225,100103,Customer Management,100212,Wellness Check-In,Final,Y,Y,Discussed timeline and next steps with the account.,100353,Avery Whitfield,Y,,8.5,6.1,100089,N,2.2,How likely are you to continue the engagement?,"Going well, minor tweaks needed.",6.0,8.3,Delta,Y,7.0,9.4,1.6,1.2,9.7,2.9,5.9,,,N,,100058,Noah Dorsey,2022-11-08 13:34:00,liam.okafor@sampleco.test,,2024-10-13 19:04:00,alex.okafor@examplecorp.test,,,,Nina Nguyen,morgan.ford@acme-fake.test,Mei Garcia,marco.ashby@sampleco.test,Riley Mercer,Other,100180,N,Delta,jamie.patel@examplecorp.test,Taylor Whitfield,Y,7469,8747,6834,4004,N,,,,,Shared the updated proposal for review.,,arjun.mercer@sampleco.test,,Aligned on billing and renewal terms.,jamie.ivanov@examplecorp.test,taylor.patel@demomail.test,Y,,,,Delta,,,,,2023-09-09 07:38:00,291,1825,Other,Beta,Alpha,Delta,7726,6223,790,9000,7233,Gamma,Nina Blake,Mei Reyes,2025-03-12 09:38:00,,,,,,,,,,,,,,
700226,100667,Customer Management,100702,Quarterly Review,Final,Y,N,Followed up on the open items from last week.,100511,Chen Patel,N,,4.5,9.9,100543,Y,6.0,Are deliverables meeting expectations?,"Neutral, watching closely.",9.5,9.6,Beta,N,2.2,6.9,3.8,7.7,9.2,2.9,4.3,,,Y,,100094,Jordan Cohen,2024-05-14 12:35:00,priya.vance@acme-fake.test,,2026-01-15 20:05:00,nina.calder@acme-fake.test,,,,,casey.ford@acme-fake.test,Yara Whitfield,jordan.costa@acme-fake.test,Avery Ivanov,Alpha,100474,Y,Other,diego.mercer@sampleco.test,Jamie Reyes,Y,5905,4656,7435,857,Y,,,,,Resolved the outstanding question about scope.,,drew.cohen@acme-fake.test,,Resolved the outstanding question about scope.,mei.nguyen@acme-fake.test,chen.blake@acme-fake.test,N,Beta,,,,,,,,2023-02-27 07:04:00,5048,8732,Gamma,Gamma,Alpha,Delta,701,3721,7965,3681,9435,Gamma,Sofia Vance,Noah Patel,2026-07-09 04:33:00,,,,,,,,,,,,,,
700227,100656,Customer Management,100694,Customer Success Check-In,Draft,Y,Y,Shared the updated proposal for review.,100624,Sofia Haddad,Y,,1.2,5.2,100343,Y,1.5,Are deliverables meeting expectations?,Happy with the progress.,6.8,6.5,Alpha,N,1.1,4.2,2.2,5.0,6.9,5.5,3.4,,,Y,,100359,Jordan Dorsey,2023-11-26 05:07:00,emerson.haddad@acme-fake.test,,2026-01-03 09:06:00,fatima.dorsey@demomail.test,,,,,skyler.silva@examplecorp.test,Diego Nguyen,nina.blake@demomail.test,Skyler Blake,Standard,100182,N,Delta,drew.brooks@sampleco.test,Diego Patel,Y,1471,5086,4439,6574,N,,,,,Discussed timeline and next steps with the account.,,chen.haddad@demomail.test,,Scheduled a check-in for the coming month.,alex.larsson@examplecorp.test,riley.sato@examplecorp.test,Y,,,,,,,,,2025-09-22 12:53:00,3124,2118,Standard,Standard,Standard,Standard,4056,3839,494,6375,3011,Beta,Reese Brooks,Skyler Brooks,2023-08-06 07:21:00,,,,,,Other,,,,,,,,
700228,100681,Resource Care,100477,Customer Success Check-In,Draft,N,N,Followed up on the open items from last week.,100281,Alex Rossi,N,,8.7,9.1,100765,N,2.8,How is communication with your team?,Very satisfied overall.,9.2,7.6,Gamma,Y,2.7,5.4,3.6,8.5,9.7,8.0,9.6,,,N,,100328,Casey Calder,2026-03-12 02:17:00,liam.ford@examplecorp.test,,2024-05-15 17:13:00,reese.ashby@sampleco.test,,,,,taylor.ivanov@examplecorp.test,Jordan Okafor,fatima.rossi@examplecorp.test,Mei Mercer,Alpha,100197,Y,Delta,rowan.blake@sampleco.test,Diego Nguyen,N,9235,9153,2024,3348,N,,,,,Scheduled a check-in for the coming month.,,mei.nguyen@examplecorp.test,,Reviewed performance and gathered feedback.,noah.blake@examplecorp.test,priya.blake@examplecorp.test,N,,,,,,,,,2025-03-20 06:57:00,2932,7194,Alpha,Beta,Delta,Standard,5459,7309,1509,643,1337,Alpha,Reese Haddad,Morgan Haddad,2023-10-03 19:55:00,,,,,,,,,,,,,,
700229,100259,Resource Care,100151,Customer Success Check-In,Final,Y,Y,Resolved the outstanding question about scope.,100582,Fatima Dorsey,N,,2.0,5.5,100467,Y,3.9,Any concerns we should address?,Exceeding expectations.,2.7,3.9,Standard,N,2.6,9.0,6.0,5.2,9.6,6.7,3.0,,,Y,,100597,Rowan Costa,2025-09-17 01:03:00,priya.vance@examplecorp.test,,2024-06-14 05:33:00,drew.cohen@demomail.test,,,Other,Riley Silva,liam.ford@sampleco.test,Quinn Patel,alex.costa@sampleco.test,Quinn Rossi,Beta,100554,Y,Alpha,rowan.nguyen@acme-fake.test,Mei Silva,Y,1891,5876,4597,5648,N,,,,,Scheduled a check-in for the coming month.,,mei.mercer@sampleco.test,,Noted a concern to revisit at the next sync.,jordan.larsson@demomail.test,yara.blake@acme-fake.test,N,,,,,Standard,,,,2024-05-19 09:34:00,7830,8695,Standard,Standard,Delta,Standard,6365,4253,3805,2271,803,Gamma,Taylor Garcia,Taylor Mensah,2023-10-18 04:28:00,,,,,,,,,,,,,,
700230,100722,Resource Care,100601,Quarterly Review,Final,Y,N,Scheduled a check-in for the coming month.,100243,Sofia Ivanov,Y,,6.7,7.6,100331,Y,9.0,Any concerns we should address?,Some concerns about turnaround time.,6.1,9.1,Alpha,Y,9.2,6.7,8.1,4.7,8.1,3.9,1.1,,,N,,100546,Liam Ford,2022-10-08 04:05:00,skyler.ashby@demomail.test,,2025-01-10 10:25:00,chen.sloan@sampleco.test,,,,,fatima.nguyen@examplecorp.test,Avery Larsson,mei.mercer@examplecorp.test,Morgan Nguyen,Other,100473,Y,Gamma,rahul.haddad@examplecorp.test,Liam Kim,N,3093,8455,2858,5398,Y,,Delta,,,Resolved the outstanding question about scope.,,skyler.ashby@demomail.test,,Aligned on billing and renewal terms.,marco.whitfield@acme-fake.test,quinn.dorsey@demomail.test,Y,,,,,Alpha,,,Alpha,2024-12-18 12:26:00,6533,1832,Delta,Delta,Gamma,Gamma,6916,1036,1043,1377,3827,Gamma,Casey Reyes,Avery Calder,2022-11-17 14:44:00,,,,,,,,,,,,,,
700231,100343,Customer Management,100770,Wellness Check-In,Final,Y,Y,Reviewed performance and gathered feedback.,100301,Diego Rossi,Y,,4.5,2.2,100793,Y,8.9,How satisfied are you with the service?,"Going well, minor tweaks needed.",9.5,6.4,Gamma,Y,7.2,7.0,6.5,8.9,4.9,3.1,7.4,,,N,,100236,Skyler Haddad,2023-03-09 03:28:00,reese.reyes@demomail.test,,2025-02-03 21:45:00,quinn.haddad@sampleco.test,Noah Sloan,,,,fatima.rossi@sampleco.test,Yara Okafor,sofia.sato@sampleco.test,Rowan Calder,Standard,100217,Y,Alpha,casey.reyes@demomail.test,Omar Mensah,N,4091,4188,7182,9750,Y,,,,,Noted a concern to revisit at the next sync.,,taylor.rossi@sampleco.test,,Reviewed performance and gathered feedback.,riley.reyes@sampleco.test,elena.ford@acme-fake.test,N,Other,,,,,,Delta,,2026-02-28 10:55:00,5060,1337,Beta,Delta,Other,Delta,3449,6664,1971,5087,211,Other,Chen Whitfield,Fatima Okafor,2025-10-31 13:21:00,5689,,,,,,,,,,,,,
700232,100555,Resource Care,100558,Wellness Check-In,Final,Y,Y,Scheduled a check-in for the coming month.,100607,Priya Ivanov,Y,,7.5,4.7,100503,Y,5.9,How likely are you to continue the engagement?,Happy with the progress.,7.1,1.3,Standard,N,3.7,10.0,8.2,3.2,9.6,2.1,7.4,,,N,,100696,Marco Reyes,2026-01-07 18:09:00,nina.sato@demomail.test,,2025-01-28 16:33:00,arjun.haddad@demomail.test,,,,,taylor.brooks@acme-fake.test,Fatima Okafor,skyler.sloan@acme-fake.test,Morgan Silva,Gamma,100559,Y,Delta,marco.vance@sampleco.test,Jamie Rossi,Y,431,9120,9597,1525,Y,,,,,Shared the updated proposal for review.,,arjun.ford@demomail.test,Beta,Scheduled a check-in for the coming month.,riley.ford@acme-fake.test,marco.ford@examplecorp.test,Y,,,Delta,,,,,Other,2023-01-28 17:53:00,6462,8573,Other,Delta,Alpha,Other,8200,5108,894,492,7513,Standard,Quinn Ford,Emerson Dorsey,2023-01-07 18:27:00,,,,,,Gamma,,,,,,,,
700233,100153,Resource Care,100481,Wellness Check-In,Final,N,Y,Discussed timeline and next steps with the account.,100683,Marco Okafor,N,,6.5,8.7,100295,N,1.5,How is communication with your team?,"Going well, minor tweaks needed.",1.7,3.3,Beta,N,5.4,6.6,1.7,3.7,1.9,9.5,8.9,,,N,,100348,Mei Sloan,2023-08-27 17:58:00,yara.patel@demomail.test,,2025-11-11 15:20:00,emerson.patel@sampleco.test,,,,,reese.vance@examplecorp.test,Quinn Calder,noah.reyes@examplecorp.test,Chen Sato,Other,100509,Y,Delta,noah.reyes@acme-fake.test,Rowan Ford,Y,3244,6937,4021,3668,N,,,,,Aligned on billing and renewal terms.,,mei.nguyen@sampleco.test,,Shared the updated proposal for review.,riley.sato@examplecorp.test,reese.mensah@acme-fake.test,N,,Followed up on the open items from last week.,,,,Sofia Larsson,,Delta,2026-05-18 15:02:00,4846,9693,Delta,Standard,Beta,Alpha,914,4599,27,4112,6637,Alpha,Sofia Cohen,Avery Patel,2023-11-10 01:48:00,,,,,,,,,,,,,,
700234,100530,Customer Management,100143,Customer Success Check-In,Draft,N,Y,Discussed timeline and next steps with the account.,100076,Jordan Ivanov,Y,,3.1,8.3,100664,N,8.1,How likely are you to continue the engagement?,Happy with the progress.,6.8,9.5,Standard,Y,7.3,9.9,5.7,7.6,2.1,2.0,9.9,,,N,,100628,Jamie Rossi,2025-01-29 01:41:00,diego.ford@examplecorp.test,,2023-11-06 11:51:00,sofia.costa@examplecorp.test,,,,,chen.cohen@demomail.test,Sofia Silva,jamie.silva@acme-fake.test,Elena Kim,Delta,100229,Y,Other,avery.cohen@demomail.test,Avery Sloan,Y,8210,7395,9508,7816,N,,,,Delta,Reviewed performance and gathered feedback.,,rahul.haddad@demomail.test,,Reviewed performance and gathered feedback.,liam.sato@examplecorp.test,taylor.costa@demomail.test,Y,Beta,,,,Other,,,,2023-03-22 16:01:00,2541,9523,Standard,Alpha,Standard,Gamma,1422,1830,7560,326,8014,Alpha,Yara Haddad,Arjun Vance,2026-03-03 10:12:00,,,,,,,,,,,,,,
700235,100189,Resource Care,100126,Wellness Check-In,Final,N,N,Followed up on the open items from last week.,100383,Nina Nguyen,N,,2.8,6.6,100391,N,6.2,How likely are you to continue the engagement?,Happy with the progress.,4.5,3.3,Gamma,Y,1.8,3.6,6.2,7.6,3.2,1.3,9.6,,,Y,,100759,Priya Reyes,2026-01-18 23:25:00,emerson.reyes@examplecorp.test,,2023-09-05 06:02:00,aisha.reyes@examplecorp.test,,,Gamma,,omar.dorsey@sampleco.test,Aisha Ivanov,aisha.reyes@sampleco.test,Fatima Okafor,Alpha,100122,N,Gamma,nina.ivanov@acme-fake.test,Riley Okafor,N,9095,363,6602,9665,Y,,,,,Aligned on billing and renewal terms.,,nina.brooks@demomail.test,,Shared the updated proposal for review.,quinn.ivanov@acme-fake.test,chen.mensah@sampleco.test,N,,,,,,Reese Larsson,,,2022-11-26 09:15:00,6289,7219,Delta,Gamma,Beta,Gamma,1315,2929,9622,2753,6760,Beta,Aisha Rossi,Sofia Calder,2025-06-21 01:08:00,,,,,,,,,,,,,,
700236,100348,Customer Management,100277,Wellness Check-In,Final,Y,N,Discussed timeline and next steps with the account.,100143,Skyler Silva,Y,,8.4,5.1,100206,N,1.7,How is communication with your team?,Very satisfied overall.,1.9,7.5,Beta,Y,1.4,9.8,10.0,9.1,4.6,8.8,9.7,,,Y,,100005,Jamie Larsson,2025-06-28 22:28:00,rowan.reyes@sampleco.test,,2023-05-22 06:51:00,chen.ivanov@sampleco.test,Diego Rossi,,Delta,,aisha.blake@demomail.test,Casey Ford,quinn.haddad@demomail.test,Sofia Mercer,Standard,100496,Y,Standard,marco.dorsey@demomail.test,Diego Reyes,Y,9844,4850,4670,6616,Y,,,,,Reviewed performance and gathered feedback.,,jamie.silva@examplecorp.test,,Noted a concern to revisit at the next sync.,sofia.vance@demomail.test,liam.silva@sampleco.test,N,,,,,Gamma,,Delta,Standard,2023-01-10 19:00:00,1344,9667,Other,Alpha,Gamma,Other,2556,5818,6787,3610,2427,Gamma,Sofia Sato,Jordan Cohen,2026-01-07 16:00:00,,,Delta,,,,,,,,,,,
700237,100348,Resource Care,100579,Customer Success Check-In,Final,Y,Y,Followed up on the open items from last week.,100359,Aisha Kim,Y,,6.6,4.1,100555,Y,3.9,How is communication with your team?,Some concerns about turnaround time.,3.4,6.6,Beta,N,1.2,9.5,8.2,3.9,7.7,1.3,2.4,,,N,,100377,Quinn Haddad,2025-02-22 13:47:00,liam.rossi@demomail.test,,2026-06-26 20:55:00,emerson.cohen@acme-fake.test,,,,,jamie.ford@examplecorp.test,Mei Dorsey,avery.calder@acme-fake.test,Avery Kim,Gamma,100487,N,Delta,jamie.ivanov@examplecorp.test,Diego Nguyen,N,1980,7710,967,8220,N,,,,,Followed up on the open items from last week.,,marco.larsson@acme-fake.test,,Scheduled a check-in for the coming month.,morgan.whitfield@demomail.test,drew.patel@acme-fake.test,N,,Noted a concern to revisit at the next sync.,,,,,,,2024-02-03 12:23:00,7977,1904,Beta,Beta,Beta,Gamma,7366,1099,8220,720,9914,Beta,Elena Garcia,Alex Blake,2025-03-31 19:32:00,,,,,,,,,,,,,,
700238,100627,Customer Management,100049,Quarterly Review,Final,Y,N,Reviewed performance and gathered feedback.,100526,Mei Dorsey,N,,4.7,8.1,100234,Y,1.4,Any concerns we should address?,Happy with the progress.,2.0,8.2,Other,N,4.6,9.3,3.9,1.2,7.8,6.8,8.5,,,N,,100672,Drew Reyes,2025-10-13 15:41:00,skyler.ford@examplecorp.test,,2026-05-02 16:25:00,arjun.sloan@acme-fake.test,,,,,skyler.okafor@examplecorp.test,Drew Cohen,drew.okafor@sampleco.test,Yara Blake,Standard,100070,Y,Delta,chen.ford@demomail.test,Marco Patel,N,8888,7398,6783,1149,N,,,,,Discussed timeline and next steps with the account.,,taylor.brooks@demomail.test,,Noted a concern to revisit at the next sync.,diego.ashby@examplecorp.test,nina.larsson@acme-fake.test,N,,,,,Alpha,,,Beta,2025-03-10 18:09:00,1875,3852,Alpha,Delta,Gamma,Alpha,595,8477,5041,3754,6476,Beta,Liam Reyes,Elena Silva,2025-10-30 02:57:00,,,,Standard,,,,,,,,,,
700239,100026,Resource Care,100683,Quarterly Review,Final,Y,Y,Resolved the outstanding question about scope.,100232,Jamie Mensah,Y,,7.6,3.8,100329,N,5.7,How satisfied are you with the service?,Some concerns about turnaround time.,8.5,7.9,Gamma,N,5.8,7.5,9.7,3.8,7.2,4.2,4.7,,,N,,100686,Aisha Brooks,2024-08-07 23:28:00,skyler.brooks@sampleco.test,,2023-03-23 18:54:00,fatima.vance@demomail.test,Diego Ford,,Standard,Alex Silva,drew.blake@examplecorp.test,Chen Silva,elena.rossi@demomail.test,Mei Vance,Standard,100104,Y,Standard,aisha.okafor@sampleco.test,Riley Sato,Y,3951,6728,1388,2743,N,,,,,Shared the updated proposal for review.,,casey.nguyen@sampleco.test,,Shared the updated proposal for review.,arjun.rossi@examplecorp.test,skyler.dorsey@sampleco.test,Y,,,,Standard,Standard,,Standard,,2022-12-10 20:25:00,3811,5881,Alpha,Gamma,Beta,Standard,1807,8261,767,2817,5868,Gamma,Drew Haddad,Casey Dorsey,2025-03-01 22:59:00,,,,,,,,,,,,,,
700240,100091,Resource Care,100741,Customer Success Check-In,Final,Y,Y,Discussed timeline and next steps with the account.,100452,Fatima Mensah,Y,,9.5,8.0,100209,Y,6.7,How is communication with your team?,Happy with the progress.,3.2,7.7,Gamma,Y,6.7,2.0,1.7,6.6,7.7,4.5,4.3,,,N,,100520,Sofia Blake,2024-08-01 16:08:00,chen.dorsey@acme-fake.test,,2023-06-08 15:03:00,rahul.haddad@examplecorp.test,Emerson Ford,,,,taylor.dorsey@sampleco.test,Avery Brooks,avery.costa@demomail.test,Taylor Brooks,Beta,100190,N,Gamma,omar.kim@examplecorp.test,Diego Calder,N,3444,8688,3684,4945,N,Beta,,,,Noted a concern to revisit at the next sync.,,riley.blake@demomail.test,,Scheduled a check-in for the coming month.,jamie.mercer@examplecorp.test,chen.nguyen@acme-fake.test,N,,,Beta,Standard,,,,,2025-04-17 02:13:00,1054,2160,Other,Alpha,Alpha,Standard,4851,8799,5243,7776,5811,Gamma,Quinn Okafor,Yara Patel,2025-12-21 16:44:00,,,,,,,,,,,,,,
700241,100494,Customer Management,100417,Quarterly Review,Final,N,N,Scheduled a check-in for the coming month.,100569,Alex Ford,Y,,1.7,5.9,100235,Y,3.5,How satisfied are you with the service?,"Neutral, watching closely.",8.4,7.4,Other,N,9.5,9.9,2.9,5.2,1.4,3.6,6.0,,,Y,,100094,Arjun Costa,2025-03-17 16:36:00,quinn.haddad@demomail.test,,2026-06-13 17:32:00,jordan.sloan@acme-fake.test,,,,,marco.mercer@demomail.test,Sofia Larsson,emerson.nguyen@acme-fake.test,Sofia Vance,Standard,100091,N,Alpha,aisha.rossi@sampleco.test,Sofia Cohen,N,3510,7494,5534,5033,N,,,,,Shared the updated proposal for review.,,mei.silva@acme-fake.test,,Shared the updated proposal for review.,morgan.patel@examplecorp.test,jamie.vance@acme-fake.test,N,,,Beta,,,,,,2023-07-25 14:38:00,8410,9208,Standard,Alpha,Alpha,Beta,9888,1238,2998,6115,9832,Gamma,Jamie Blake,Noah Nguyen,2025-01-21 23:20:00,,1711,,,,,7777,,,,,,,
700242,100607,Customer Management,100243,Quarterly Review,Final,Y,N,Noted a concern to revisit at the next sync.,100111,Diego Costa,Y,,8.4,9.3,100415,N,6.9,Are deliverables meeting expectations?,"Going well, minor tweaks needed.",4.3,8.2,Other,Y,1.3,2.3,9.7,3.0,5.4,7.5,7.3,,,N,,100429,Emerson Rossi,2024-04-06 18:31:00,fatima.mercer@examplecorp.test,,2025-05-12 08:56:00,elena.brooks@demomail.test,,,,Priya Kim,arjun.garcia@sampleco.test,Diego Brooks,elena.mensah@sampleco.test,Marco Rossi,Standard,100690,N,Gamma,alex.okafor@examplecorp.test,Casey Larsson,N,8499,1120,6813,4019,N,,,,,Resolved the outstanding question about scope.,,reese.haddad@sampleco.test,,Followed up on the open items from last week.,jordan.dorsey@acme-fake.test,priya.dorsey@acme-fake.test,N,,Aligned on billing and renewal terms.,,Beta,Beta,,,Delta,2022-10-10 20:38:00,1854,3910,Standard,Other,Standard,Alpha,1315,4494,6185,6525,3550,Standard,Quinn Whitfield,Rowan Calder,2023-09-16 16:02:00,,,,,,,,,,,,,,
700243,100229,Customer Management,100672,Wellness Check-In,Final,N,N,Followed up on the open items from last week.,100281,Yara Nguyen,N,,9.9,4.8,100262,Y,1.1,How likely are you to continue the engagement?,"Going well, minor tweaks needed.",7.1,2.1,Other,N,2.2,8.5,9.5,4.9,7.3,4.4,7.8,,,N,,100371,Reese Reyes,2025-04-28 12:59:00,liam.silva@sampleco.test,,2026-04-16 01:01:00,riley.ashby@demomail.test,,,Beta,,reese.nguyen@demomail.test,Aisha Ford,noah.mercer@demomail.test,Alex Cohen,Gamma,100464,Y,Gamma,yara.calder@examplecorp.test,Mei Patel,N,3660,6408,6411,1894,Y,Gamma,,,,Followed up on the open items from last week.,,nina.garcia@examplecorp.test,,Resolved the outstanding question about scope.,marco.brooks@examplecorp.test,fatima.ashby@sampleco.test,N,,,,Other,,,,Other,2023-03-16 17:28:00,9256,3984,Standard,Beta,Standard,Standard,7826,1649,3530,7494,9247,Beta,Skyler Cohen,Omar Sato,2026-07-25 06:31:00,,,,,,,,,,,,,,
700244,100128,Customer Management,100173,Customer Success Check-In,Final,N,Y,Resolved the outstanding question about scope.,100269,Sofia Mercer,N,,7.6,7.3,100310,N,6.9,How likely are you to continue the engagement?,Happy with the progress.,8.9,1.8,Gamma,Y,3.3,4.4,3.4,1.3,3.0,9.4,5.0,,,Y,,100238,Riley Costa,2023-01-08 05:19:00,elena.blake@acme-fake.test,,2023-11-17 23:28:00,marco.cohen@acme-fake.test,,,,,liam.brooks@acme-fake.test,Omar Dorsey,rahul.sloan@demomail.test,Yara Reyes,Standard,100705,Y,Alpha,liam.okafor@examplecorp.test,Noah Costa,N,6764,3720,542,6256,N,,,,,Reviewed performance and gathered feedback.,,liam.garcia@acme-fake.test,,Followed up on the open items from last week.,fatima.sato@examplecorp.test,rowan.garcia@demomail.test,N,Alpha,,,,,,Standard,,2023-03-08 21:38:00,8495,4692,Standard,Standard,Gamma,Standard,1421,1377,5201,6026,7333,Alpha,Taylor Dorsey,Marco Reyes,2025-01-21 14:06:00,,,,,,,,,,,,,,
700245,100638,Customer Management,100091,Wellness Check-In,Final,Y,N,Aligned on billing and renewal terms.,100744,Priya Mensah,Y,,4.3,5.5,100293,N,7.3,Any concerns we should address?,Exceeding expectations.,7.3,5.1,Alpha,Y,3.0,6.5,3.7,7.1,5.0,7.6,3.8,,,Y,,100420,Jordan Calder,2023-10-30 04:36:00,noah.cohen@demomail.test,,2024-01-26 06:11:00,omar.cohen@acme-fake.test,Skyler Ford,,,Rahul Brooks,rahul.costa@sampleco.test,Yara Larsson,omar.reyes@acme-fake.test,Jamie Vance,Beta,100164,N,Other,yara.rossi@examplecorp.test,Rahul Garcia,N,9221,17,127,7792,Y,,,,,Followed up on the open items from last week.,,noah.calder@sampleco.test,,Noted a concern to revisit at the next sync.,rahul.calder@demomail.test,jordan.calder@sampleco.test,Y,Delta,Followed up on the open items from last week.,,,,,Delta,,2023-06-07 08:01:00,2891,3843,Beta,Beta,Delta,Standard,3175,8881,3510,5272,1699,Gamma,Marco Blake,Alex Mensah,2023-09-08 17:19:00,7836,,,,,,,,,,,,,
700246,100726,Customer Management,100356,Customer Success Check-In,Final,Y,Y,Followed up on the open items from last week.,100559,Aisha Mensah,Y,,8.5,1.6,100156,N,10.0,Are deliverables meeting expectations?,Very satisfied overall.,4.3,8.9,Beta,N,4.1,8.7,8.4,6.9,5.6,7.7,1.5,,,Y,,100009,Avery Kim,2023-12-11 10:25:00,arjun.patel@demomail.test,,2025-07-24 12:50:00,quinn.brooks@sampleco.test,Jordan Mercer,,,,jamie.dorsey@demomail.test,Priya Dorsey,jamie.vance@sampleco.test,Morgan Kim,Beta,100535,N,Alpha,priya.costa@acme-fake.test,Taylor Haddad,Y,1013,7406,9692,6910,Y,,,,,Shared the updated proposal for review.,,liam.sato@sampleco.test,,Followed up on the open items from last week.,nina.vance@sampleco.test,omar.silva@acme-fake.test,Y,,,Delta,,,,Delta,,2025-11-09 12:25:00,788,2776,Beta,Other,Beta,Standard,8206,6302,3520,6496,2229,Alpha,Jamie Nguyen,Rowan Kim,2023-07-07 14:43:00,,,,,,,,,,,,,,
700247,100128,Customer Management,100705,Wellness Check-In,Final,N,Y,Followed up on the open items from last week.,100374,Skyler Reyes,Y,,7.2,4.5,100192,N,9.7,Are deliverables meeting expectations?,Some concerns about turnaround time.,8.7,4.5,Beta,N,6.6,1.2,8.6,5.9,3.6,7.1,6.3,,,N,,100722,Fatima Whitfield,2024-04-04 11:26:00,emerson.ashby@demomail.test,,2025-12-19 16:20:00,elena.patel@acme-fake.test,,,,,rowan.kim@demomail.test,Priya Okafor,jordan.rossi@examplecorp.test,Alex Costa,Standard,100604,Y,Other,avery.ivanov@sampleco.test,Riley Patel,Y,1455,2229,8122,1161,N,,,,,Discussed timeline and next steps with the account.,,rahul.haddad@acme-fake.test,,Shared the updated proposal for review.,drew.dorsey@acme-fake.test,chen.costa@demomail.test,N,,,Alpha,Alpha,,Marco Haddad,,Standard,2025-08-04 23:08:00,4380,1790,Alpha,Gamma,Gamma,Gamma,624,2646,5171,7522,7140,Other,Liam Blake,Jamie Haddad,2023-12-24 15:35:00,,,,,,,,,,,,,,
700248,100005,Customer Management,100771,Quarterly Review,Final,N,N,Noted a concern to revisit at the next sync.,100377,Marco Whitfield,Y,,2.5,3.0,100758,N,4.3,How likely are you to continue the engagement?,Exceeding expectations.,6.9,4.4,Alpha,Y,2.2,6.1,4.1,3.7,9.4,4.8,9.0,,,Y,,100555,Drew Sato,2025-12-08 18:40:00,rahul.larsson@sampleco.test,,2025-04-25 12:29:00,noah.rossi@demomail.test,,,,,rowan.okafor@examplecorp.test,Rowan Haddad,drew.nguyen@demomail.test,Quinn Sloan,Other,100345,Y,Delta,diego.haddad@sampleco.test,Marco Blake,N,9189,351,471,8164,Y,,,,,Scheduled a check-in for the coming month.,,emerson.mercer@demomail.test,,Resolved the outstanding question about scope.,riley.patel@examplecorp.test,aisha.mercer@demomail.test,N,,,,,,,,,2024-09-08 02:37:00,1914,3057,Delta,Other,Alpha,Other,8786,6794,5360,6627,3405,Gamma,Aisha Silva,Jamie Larsson,2023-11-20 14:32:00,,294,,,,Alpha,,,,,,,,
700249,100267,Customer Management,100110,Wellness Check-In,Final,Y,Y,Reviewed performance and gathered feedback.,100670,Diego Nguyen,N,,2.5,2.1,100509,N,8.5,How likely are you to continue the engagement?,Some concerns about turnaround time.,4.8,6.9,Beta,N,9.5,1.0,9.5,2.8,7.9,9.7,9.7,,,N,,100383,Chen Haddad,2026-01-24 07:51:00,rahul.blake@demomail.test,,2025-08-22 10:53:00,mei.mercer@acme-fake.test,Quinn Larsson,,,,alex.calder@sampleco.test,Sofia Nguyen,noah.patel@acme-fake.test,Marco Calder,Gamma,100079,N,Other,quinn.cohen@demomail.test,Rowan Rossi,Y,8473,2096,9446,5594,Y,,,,,Aligned on billing and renewal terms.,,taylor.ivanov@acme-fake.test,,Shared the updated proposal for review.,morgan.garcia@acme-fake.test,chen.rossi@demomail.test,Y,,,,,Standard,Noah Larsson,,Other,2026-05-16 01:02:00,4029,7548,Delta,Delta,Gamma,Beta,9344,9739,4335,4259,591,Beta,Casey Blake,Liam Haddad,2022-12-19 17:36:00,,,,,,,,,,,,,,
700250,100236,Resource Care,100298,Wellness Check-In,Final,N,N,Aligned on billing and renewal terms.,100413,Casey Nguyen,Y,,8.7,3.6,100017,Y,1.6,Are deliverables meeting expectations?,"Going well, minor tweaks needed.",9.9,3.2,Beta,Y,8.2,9.6,5.5,9.2,6.5,1.4,9.0,,,Y,,100792,Riley Whitfield,2023-05-20 02:47:00,skyler.mensah@examplecorp.test,Elena Whitfield,2023-10-06 12:48:00,noah.costa@demomail.test,,,,Avery Calder,drew.mensah@demomail.test,Reese Costa,emerson.nguyen@sampleco.test,Avery Vance,Gamma,100424,Y,Delta,fatima.mercer@sampleco.test,Noah Blake,N,7809,353,3167,9467,N,,,,,Aligned on billing and renewal terms.,,priya.brooks@demomail.test,,Scheduled a check-in for the coming month.,priya.ashby@sampleco.test,skyler.okafor@demomail.test,N,,,,,,Reese Costa,,,2026-07-06 05:23:00,4494,2714,Alpha,Standard,Standard,Beta,4122,9145,7224,1026,1776,Alpha,Avery Whitfield,Skyler Reyes,2025-07-30 17:39:00,,,,,,,,,,,,,,
700251,100688,Customer Management,100731,Quarterly Review,Final,Y,Y,Reviewed performance and gathered feedback.,100016,Reese Mercer,N,,6.5,3.8,100101,Y,9.9,How is communication with your team?,Some concerns about turnaround time.,6.4,6.0,Other,N,5.0,1.5,9.2,3.5,6.1,4.0,7.9,,,N,,100143,Yara Haddad,2023-03-25 21:33:00,emerson.whitfield@acme-fake.test,,2026-03-14 14:38:00,emerson.reyes@sampleco.test,Yara Vance,,,Elena Ashby,jamie.kim@sampleco.test,Noah Ford,mei.ivanov@acme-fake.test,Quinn Vance,Other,100464,Y,Alpha,jamie.ashby@acme-fake.test,Arjun Reyes,Y,8459,4608,7454,6710,Y,,,,,Discussed timeline and next steps with the account.,,fatima.vance@sampleco.test,,Reviewed performance and gathered feedback.,aisha.sato@demomail.test,elena.vance@acme-fake.test,N,,,,Beta,Beta,Alex Whitfield,Standard,,2022-10-25 17:53:00,2763,9419,Beta,Delta,Standard,Other,1276,391,4188,4016,3892,Alpha,Rahul Okafor,Rahul Sato,2026-07-22 11:30:00,,,,,,,1645,,,,,Standard,,
700252,100395,Customer Management,100075,Wellness Check-In,Final,Y,N,Discussed timeline and next steps with the account.,100388,Elena Costa,Y,,9.9,5.0,100184,N,2.5,Any concerns we should address?,Some concerns about turnaround time.,9.9,8.2,Delta,Y,1.3,7.5,8.5,4.3,3.1,6.9,3.4,,,Y,,100613,Liam Blake,2023-06-21 02:48:00,alex.costa@sampleco.test,,2022-11-21 01:10:00,fatima.larsson@acme-fake.test,,,Delta,,avery.sato@demomail.test,Mei Cohen,noah.vance@sampleco.test,Reese Kim,Alpha,100012,N,Alpha,elena.patel@sampleco.test,Alex Ivanov,N,2421,1399,718,3596,N,,,,,Scheduled a check-in for the coming month.,,alex.cohen@demomail.test,,Discussed timeline and next steps with the account.,elena.reyes@examplecorp.test,riley.cohen@acme-fake.test,N,Gamma,,,,Other,,,,2025-02-08 07:46:00,3609,3442,Other,Standard,Alpha,Standard,3522,48,2279,9056,5033,Other,Casey Larsson,Avery Garcia,2025-08-19 22:55:00,,6110,,,,,,,,,,,,
700253,100325,Resource Care,100248,Quarterly Review,Final,Y,Y,Noted a concern to revisit at the next sync.,100474,Avery Brooks,Y,,2.8,4.3,100132,Y,6.5,How satisfied are you with the service?,Very satisfied overall.,6.5,2.3,Alpha,Y,3.6,7.8,2.6,2.5,1.6,1.3,3.3,,,N,,100497,Rahul Kim,2023-11-24 12:09:00,elena.ashby@acme-fake.test,,2024-01-07 11:31:00,marco.ivanov@demomail.test,,,,Morgan Patel,taylor.calder@examplecorp.test,Noah Calder,noah.reyes@acme-fake.test,Mei Silva,Delta,100722,Y,Gamma,taylor.rossi@demomail.test,Arjun Mercer,Y,8738,9006,5909,4428,N,,,,,Discussed timeline and next steps with the account.,,aisha.silva@demomail.test,,Discussed timeline and next steps with the account.,mei.nguyen@examplecorp.test,reese.patel@sampleco.test,N,,Reviewed performance and gathered feedback.,,,,,Gamma,,2026-06-27 17:36:00,3499,6615,Other,Other,Alpha,Standard,1552,6624,2666,9038,7334,Gamma,Elena Whitfield,Emerson Calder,2023-12-28 17:26:00,,,,,,,,,,,,,,
700254,100641,Resource Care,100129,Quarterly Review,Final,N,Y,Noted a concern to revisit at the next sync.,100456,Drew Brooks,Y,,7.7,9.6,100771,N,7.9,How likely are you to continue the engagement?,"Neutral, watching closely.",2.3,2.1,Other,Y,7.0,8.1,4.2,3.9,8.4,5.3,2.8,,,N,,100238,Arjun Silva,2026-04-27 08:43:00,sofia.costa@examplecorp.test,,2023-11-30 01:37:00,casey.mercer@acme-fake.test,Sofia Ivanov,,Alpha,,skyler.ivanov@demomail.test,Omar Blake,rowan.ashby@sampleco.test,Jordan Nguyen,Standard,100398,N,Other,elena.okafor@sampleco.test,Reese Patel,N,2170,3710,414,7251,N,Other,,,,Followed up on the open items from last week.,,emerson.ford@demomail.test,,Followed up on the open items from last week.,rowan.patel@demomail.test,omar.sloan@acme-fake.test,Y,,,,Beta,,,,Delta,2022-11-18 03:54:00,4892,9435,Delta,Alpha,Standard,Other,2288,5055,3181,9334,7241,Standard,Jamie Mensah,Jordan Costa,2023-01-06 08:28:00,,,,,,,,,,,,,,
700255,100142,Customer Management,100498,Wellness Check-In,Final,N,N,Shared the updated proposal for review.,100638,Avery Haddad,N,,4.4,9.3,100049,N,1.2,How is communication with your team?,"Going well, minor tweaks needed.",7.3,2.7,Beta,Y,5.9,3.1,9.8,4.6,2.1,7.0,9.2,,,Y,,100449,Casey Ashby,2024-12-21 00:37:00,omar.nguyen@demomail.test,,2024-11-17 19:52:00,taylor.calder@sampleco.test,,,,,diego.mensah@examplecorp.test,Nina Ashby,arjun.ivanov@sampleco.test,Liam Larsson,Delta,100484,Y,Delta,reese.blake@demomail.test,Sofia Okafor,Y,917,9815,4311,7389,Y,,,,,Aligned on billing and renewal terms.,,liam.vance@sampleco.test,,Scheduled a check-in for the coming month.,liam.larsson@examplecorp.test,emerson.vance@demomail.test,N,,,,,Other,,,Other,2023-09-10 22:05:00,1834,900,Standard,Beta,Beta,Beta,61,9032,645,2684,9175,Delta,Fatima Ivanov,Yara Larsson,2022-10-17 15:11:00,,,,,,,,,6783,1960,,,,
700256,100212,Resource Care,100277,Customer Success Check-In,Draft,Y,N,Resolved the outstanding question about scope.,100172,Skyler Nguyen,Y,,1.5,5.7,100232,Y,9.3,How satisfied are you with the service?,Very satisfied overall.,4.6,6.8,Alpha,Y,2.6,9.6,9.4,8.5,6.3,5.9,3.3,,,N,,100235,Alex Dorsey,2026-06-25 22:11:00,chen.larsson@demomail.test,,2025-01-11 07:06:00,fatima.sloan@acme-fake.test,Yara Brooks,,,Priya Larsson,nina.mensah@sampleco.test,Casey Costa,reese.larsson@examplecorp.test,Fatima Ashby,Other,100462,Y,Delta,diego.mercer@acme-fake.test,Quinn Blake,Y,1998,7466,1354,1872,Y,,,,,Reviewed performance and gathered feedback.,,elena.sloan@sampleco.test,,Scheduled a check-in for the coming month.,jordan.vance@sampleco.test,morgan.costa@acme-fake.test,N,,,Alpha,,,,,Delta,2025-08-12 20:31:00,9299,4368,Standard,Beta,Alpha,Alpha,2656,4445,5547,7571,9636,Other,Emerson Mercer,Sofia Reyes,2026-05-29 12:54:00,,,,,,,,,,,,,,
700257,100603,Customer Management,100386,Customer Success Check-In,Draft,N,N,Aligned on billing and renewal terms.,100664,Rowan Mensah,Y,,5.7,4.8,100597,N,8.7,How likely are you to continue the engagement?,"Going well, minor tweaks needed.",6.7,8.9,Delta,N,9.7,7.8,7.0,8.5,5.8,6.3,3.0,,,N,,100339,Omar Cohen,2025-02-09 16:33:00,liam.vance@examplecorp.test,,2024-12-07 05:44:00,alex.ford@demomail.test,,,,Liam Larsson,liam.nguyen@examplecorp.test,Morgan Sloan,arjun.garcia@demomail.test,Sofia Ashby,Other,100771,Y,Beta,priya.silva@demomail.test,Marco Brooks,N,7457,2983,3436,401,Y,,,,,Discussed timeline and next steps with the account.,,mei.okafor@sampleco.test,,Resolved the outstanding question about scope.,diego.dorsey@acme-fake.test,liam.haddad@sampleco.test,N,,,,,,,,,2023-10-26 19:44:00,9959,9318,Beta,Beta,Alpha,Beta,7997,5694,9460,6394,8210,Delta,Morgan Blake,Taylor Calder,2026-06-11 03:33:00,,7272,,,,,,,,,,Standard,Emerson Calder,
700258,100673,Resource Care,100339,Customer Success Check-In,Draft,Y,N,Discussed timeline and next steps with the account.,100031,Noah Garcia,N,,9.8,4.0,100631,N,2.7,How is communication with your team?,Exceeding expectations.,8.3,7.8,Standard,Y,6.1,5.4,7.8,6.3,1.3,5.5,9.3,,,N,,100576,Reese Ford,2023-09-02 23:47:00,skyler.larsson@demomail.test,,2024-06-13 15:37:00,morgan.sloan@demomail.test,,,,,rowan.ivanov@sampleco.test,Diego Sloan,taylor.okafor@acme-fake.test,Rowan Haddad,Standard,100255,Y,Alpha,aisha.vance@examplecorp.test,Marco Dorsey,Y,6150,329,997,7602,Y,,,,,Scheduled a check-in for the coming month.,,elena.vance@examplecorp.test,,Noted a concern to revisit at the next sync.,jamie.rossi@demomail.test,sofia.blake@demomail.test,N,,Followed up on the open items from last week.,,Standard,Other,Noah Ford,,,2023-09-30 08:02:00,7541,291,Standard,Gamma,Gamma,Beta,705,16,7050,4952,6516,Alpha,Aisha Haddad,Noah Silva,2023-03-09 11:26:00,,,,,,,,,,,,,,
700259,100148,Customer Management,100236,Quarterly Review,Final,Y,N,Reviewed performance and gathered feedback.,100368,Marco Brooks,N,,2.7,5.3,100803,N,8.2,Any concerns we should address?,"Going well, minor tweaks needed.",4.8,7.4,Beta,Y,1.7,5.7,5.3,8.1,3.1,3.9,9.0,,,N,,100400,Omar Dorsey,2023-02-08 20:09:00,rahul.blake@acme-fake.test,Arjun Haddad,2025-11-07 02:46:00,taylor.ashby@acme-fake.test,Arjun Patel,,,Jordan Ashby,chen.kim@examplecorp.test,Taylor Whitfield,taylor.mensah@examplecorp.test,Elena Rossi,Alpha,100467,N,Gamma,quinn.larsson@acme-fake.test,Avery Vance,N,855,4830,5061,8876,Y,,,,,Aligned on billing and renewal terms.,,riley.rossi@examplecorp.test,,Resolved the outstanding question about scope.,rahul.vance@sampleco.test,sofia.sloan@sampleco.test,N,,,,,Standard,,Alpha,,2025-09-17 13:44:00,6674,9851,Gamma,Alpha,Alpha,Beta,5187,3286,8154,3155,5435,Beta,Sofia Patel,Morgan Brooks,2024-08-24 04:33:00,,,,,,,,,,,,,,
700260,100073,Customer Management,100490,Customer Success Check-In,Final,Y,Y,Noted a concern to revisit at the next sync.,100750,Priya Dorsey,N,,6.2,8.4,100220,N,5.8,Any concerns we should address?,"Neutral, watching closely.",2.5,6.0,Other,N,5.2,3.7,1.2,6.1,6.8,2.8,1.1,,,Y,,100192,Alex Sato,2025-12-26 02:18:00,reese.cohen@sampleco.test,,2024-04-21 06:31:00,chen.patel@demomail.test,,,,,rowan.kim@examplecorp.test,Drew Dorsey,diego.sato@examplecorp.test,Sofia Cohen,Standard,100245,Y,Standard,casey.patel@sampleco.test,Emerson Brooks,Y,4158,4395,5285,1290,N,,,,,Shared the updated proposal for review.,,priya.nguyen@sampleco.test,,Reviewed performance and gathered feedback.,mei.mensah@examplecorp.test,liam.cohen@demomail.test,Y,,,,,,,,,2023-09-28 06:56:00,8641,6570,Gamma,Other,Alpha,Beta,1063,5028,8104,8745,5947,Gamma,Jordan Rossi,Yara Vance,2024-09-04 11:25:00,,,,,,,,,,1396,,,,
700261,100234,Customer Management,100227,Wellness Check-In,Final,N,N,Resolved the outstanding question about scope.,100195,Avery Sato,Y,,4.5,5.2,100215,N,9.7,Any concerns we should address?,"Going well, minor tweaks needed.",4.4,7.3,Alpha,Y,1.9,7.2,1.8,6.3,8.5,4.1,4.8,,,N,,100042,Marco Patel,2024-10-09 09:19:00,liam.haddad@acme-fake.test,,2023-06-02 20:20:00,aisha.nguyen@examplecorp.test,,,Delta,,mei.silva@demomail.test,Drew Cohen,morgan.ivanov@acme-fake.test,Aisha Sloan,Other,100503,N,Other,yara.garcia@sampleco.test,Fatima Sloan,Y,3291,2928,3380,2822,N,,,,,Noted a concern to revisit at the next sync.,,reese.brooks@acme-fake.test,,Followed up on the open items from last week.,drew.dorsey@demomail.test,jamie.mercer@demomail.test,N,,,,,,,,Beta,2023-05-06 07:47:00,5292,5920,Delta,Delta,Alpha,Alpha,5774,8771,7685,4981,765,Alpha,Jordan Blake,Arjun Garcia,2023-11-01 11:54:00,,,,,,,9755,,,,,,,
700262,100526,Customer Management,100574,Customer Success Check-In,Final,N,N,Reviewed performance and gathered feedback.,100494,Priya Silva,Y,,6.3,4.7,100275,Y,4.6,How is communication with your team?,"Going well, minor tweaks needed.",5.9,1.8,Other,N,3.2,6.7,8.6,5.5,4.1,5.0,5.7,,,Y,,100153,Marco Calder,2025-01-03 11:28:00,quinn.calder@acme-fake.test,,2024-04-08 01:04:00,drew.patel@examplecorp.test,Nina Brooks,,,,jamie.reyes@acme-fake.test,Drew Patel,noah.costa@demomail.test,Aisha Okafor,Alpha,100492,Y,Alpha,reese.rossi@demomail.test,Skyler Vance,Y,154,7878,8971,2864,N,,,,,Shared the updated proposal for review.,,skyler.kim@acme-fake.test,,Shared the updated proposal for review.,elena.reyes@acme-fake.test,yara.larsson@acme-fake.test,N,Delta,,Beta,Other,Other,Noah Brooks,,,2024-03-22 19:24:00,9712,3821,Other,Gamma,Alpha,Standard,1006,8015,8888,7473,8396,Beta,Drew Mercer,Quinn Sloan,2022-11-15 19:11:00,,,,,,,,,,,,,,
700263,100086,Resource Care,100449,Quarterly Review,Final,Y,N,Scheduled a check-in for the coming month.,100234,Arjun Ashby,Y,,4.3,9.8,100128,Y,5.7,How satisfied are you with the service?,Very satisfied overall.,5.9,5.7,Standard,N,9.5,7.5,3.3,5.5,10.0,4.6,3.4,,,Y,,100415,Chen Mensah,2026-01-03 11:14:00,avery.ivanov@examplecorp.test,,2024-10-30 20:24:00,sofia.kim@demomail.test,,,Other,,aisha.ivanov@acme-fake.test,Diego Whitfield,drew.reyes@examplecorp.test,Fatima Larsson,Gamma,100749,N,Alpha,liam.mercer@sampleco.test,Priya Ashby,Y,8141,3741,6745,6771,N,,,,,Followed up on the open items from last week.,,elena.reyes@acme-fake.test,,Reviewed performance and gathered feedback.,jamie.mensah@sampleco.test,marco.sato@sampleco.test,N,,,Other,,,,,,2026-03-22 20:31:00,6920,8128,Other,Alpha,Other,Alpha,1792,8287,3431,8814,4396,Gamma,Sofia Garcia,Fatima Reyes,2025-03-21 17:20:00,,,,,,,,,,,,,,
700264,100277,Customer Management,100058,Customer Success Check-In,Final,Y,N,Resolved the outstanding question about scope.,100517,Nina Ivanov,N,,3.5,8.6,100771,N,5.5,Any concerns we should address?,Happy with the progress.,5.8,3.2,Gamma,N,7.5,7.3,2.7,5.3,5.5,6.1,5.3,,,N,,100173,Jamie Kim,2026-06-12 22:47:00,omar.whitfield@acme-fake.test,,2026-03-17 12:20:00,jordan.mercer@sampleco.test,,,,,noah.whitfield@sampleco.test,Priya Dorsey,reese.blake@sampleco.test,Omar Garcia,Delta,100182,Y,Alpha,casey.whitfield@demomail.test,Mei Calder,N,3249,2237,9895,4399,Y,,,,,Aligned on billing and renewal terms.,,emerson.garcia@demomail.test,,Noted a concern to revisit at the next sync.,emerson.ashby@sampleco.test,liam.mercer@acme-fake.test,N,,Aligned on billing and renewal terms.,,,Gamma,,,,2026-04-14 12:57:00,892,9038,Beta,Standard,Alpha,Delta,2168,8758,2727,6762,5969,Beta,Omar Kim,Drew Blake,2023-02-06 22:05:00,,,,,,,,,,,,,,
700265,100627,Resource Care,100336,Quarterly Review,Final,Y,N,Reviewed performance and gathered feedback.,100656,Aisha Silva,Y,,1.1,2.5,100560,N,4.5,Are deliverables meeting expectations?,Some concerns about turnaround time.,1.3,3.2,Delta,N,4.3,2.1,4.1,1.1,4.7,6.9,7.6,,,Y,,100627,Reese Ford,2023-07-11 17:40:00,diego.ivanov@sampleco.test,,2026-02-08 01:31:00,reese.blake@acme-fake.test,,,Other,,jordan.cohen@sampleco.test,Drew Garcia,fatima.vance@examplecorp.test,Jamie Calder,Delta,100332,N,Standard,elena.mercer@acme-fake.test,Alex Haddad,Y,5918,1110,2324,7308,Y,,,,,Scheduled a check-in for the coming month.,,yara.haddad@examplecorp.test,,Noted a concern to revisit at the next sync.,morgan.mensah@sampleco.test,skyler.dorsey@acme-fake.test,N,,,,,Delta,,,,2023-07-05 23:41:00,2266,3334,Gamma,Beta,Alpha,Beta,502,9724,5923,3784,2075,Standard,Sofia Nguyen,Drew Sloan,2023-09-28 05:35:00,,,,,,,,,3910,,,,,
700266,100440,Customer Management,100490,Quarterly Review,Final,Y,N,Scheduled a check-in for the coming month.,100546,Rahul Dorsey,Y,,4.5,5.5,100023,Y,1.2,Any concerns we should address?,Very satisfied overall.,4.9,1.6,Beta,N,4.6,9.7,4.4,4.2,3.2,6.4,3.9,,,Y,,100522,Nina Ashby,2023-12-12 03:52:00,marco.okafor@sampleco.test,,2022-10-17 14:54:00,avery.ford@demomail.test,Drew Rossi,,,,reese.reyes@examplecorp.test,Aisha Rossi,aisha.sloan@sampleco.test,Riley Mercer,Other,100771,Y,Beta,casey.mensah@examplecorp.test,Sofia Sato,Y,1624,5775,42,5940,N,,,,,Followed up on the open items from last week.,Priya Mercer,aisha.mercer@acme-fake.test,,Discussed timeline and next steps with the account.,jordan.ivanov@demomail.test,omar.silva@examplecorp.test,N,,,,,,,,,2023-11-02 06:06:00,1941,9328,Standard,Gamma,Delta,Beta,2729,4280,7958,5804,4483,Alpha,Liam Blake,Emerson Sato,2025-06-22 17:23:00,,,,,,,,,,7758,,,,Drew Blake
700267,100457,Customer Management,100555,Quarterly Review,Final,Y,Y,Followed up on the open items from last week.,100285,Rahul Vance,N,,1.4,1.9,100389,N,1.7,How likely are you to continue the engagement?,Exceeding expectations.,4.5,3.9,Delta,Y,7.9,1.8,4.3,6.1,4.9,9.9,1.5,,,Y,,100223,Sofia Calder,2024-09-22 00:29:00,reese.silva@examplecorp.test,,2025-05-30 17:03:00,diego.ashby@sampleco.test,,,,,taylor.nguyen@examplecorp.test,Arjun Mensah,yara.brooks@acme-fake.test,Arjun Kim,Alpha,100091,N,Alpha,skyler.larsson@demomail.test,Skyler Costa,Y,3562,3189,8431,570,N,,,,,Resolved the outstanding question about scope.,,omar.mensah@examplecorp.test,,Reviewed performance and gathered feedback.,morgan.calder@demomail.test,elena.sloan@sampleco.test,Y,Other,Shared the updated proposal for review.,,Delta,,,,,2023-07-06 01:45:00,34,7476,Alpha,Gamma,Gamma,Beta,332,4650,824,7844,6205,Gamma,Alex Calder,Emerson Mercer,2023-10-12 01:46:00,,,,,,,,,,,,Gamma,,
700268,100708,Customer Management,100792,Quarterly Review,Final,Y,Y,Discussed timeline and next steps with the account.,100429,Skyler Rossi,Y,,5.2,2.1,100142,Y,3.7,How likely are you to continue the engagement?,Exceeding expectations.,3.9,4.2,Gamma,Y,7.5,5.0,9.1,2.5,1.2,5.4,8.2,,,Y,,100184,Diego Ford,2024-07-15 23:15:00,sofia.patel@acme-fake.test,,2025-05-30 01:53:00,sofia.mensah@examplecorp.test,,,,Fatima Sato,riley.mensah@examplecorp.test,Taylor Haddad,taylor.patel@demomail.test,Marco Cohen,Alpha,100046,Y,Gamma,casey.reyes@acme-fake.test,Morgan Whitfield,Y,2620,6031,9226,8793,Y,,,,,Resolved the outstanding question about scope.,,riley.okafor@examplecorp.test,,Aligned on billing and renewal terms.,omar.ivanov@examplecorp.test,jamie.whitfield@examplecorp.test,N,,,,,,Riley Kim,,,2023-01-02 21:17:00,286,2433,Gamma,Gamma,Other,Beta,2468,7579,8295,3865,8478,Standard,Emerson Okafor,Elena Silva,2023-04-12 03:55:00,,,Beta,,,,,,,,,Delta,,
700269,100393,Resource Care,100366,Quarterly Review,Draft,N,Y,Followed up on the open items from last week.,100735,Casey Reyes,Y,,5.4,8.8,100473,Y,8.0,How is communication with your team?,Very satisfied overall.,6.8,1.6,Beta,N,4.3,2.0,9.4,4.9,9.4,6.1,1.6,,,Y,,100393,Rowan Rossi,2025-03-14 20:41:00,aisha.okafor@sampleco.test,,2024-10-10 10:15:00,aisha.vance@demomail.test,,,Delta,,reese.ashby@examplecorp.test,Fatima Whitfield,liam.whitfield@acme-fake.test,Noah Mensah,Gamma,100410,Y,Gamma,nina.calder@sampleco.test,Noah Whitfield,N,3683,439,4459,8825,Y,,,,,Noted a concern to revisit at the next sync.,,rowan.reyes@acme-fake.test,,Shared the updated proposal for review.,nina.sloan@examplecorp.test,reese.larsson@sampleco.test,N,Gamma,Shared the updated proposal for review.,Delta,Standard,,Skyler Calder,,,2025-06-21 14:24:00,1412,2618,Gamma,Other,Standard,Delta,2888,3286,2965,2774,3128,Standard,Fatima Blake,Casey Nguyen,2023-09-30 07:02:00,,,,,,,,,,,,,,
700270,100582,Resource Care,100234,Wellness Check-In,Final,Y,Y,Scheduled a check-in for the coming month.,100342,Jordan Vance,Y,,8.0,4.9,100223,Y,4.4,How likely are you to continue the engagement?,Happy with the progress.,6.7,5.9,Alpha,N,8.5,2.8,8.6,4.9,4.2,4.6,6.1,,,N,,100259,Casey Sato,2024-05-27 22:57:00,nina.nguyen@sampleco.test,,2022-11-07 12:01:00,arjun.haddad@examplecorp.test,Emerson Reyes,,,,rowan.okafor@examplecorp.test,Rahul Nguyen,elena.nguyen@acme-fake.test,Yara Patel,Beta,100484,Y,Delta,priya.calder@acme-fake.test,Jordan Larsson,N,1653,6549,7970,5777,N,,,,,Resolved the outstanding question about scope.,,chen.kim@demomail.test,,Aligned on billing and renewal terms.,aisha.mercer@examplecorp.test,reese.okafor@examplecorp.test,Y,Beta,Aligned on billing and renewal terms.,,,,,,,2023-12-25 15:48:00,9232,7789,Beta,Beta,Delta,Standard,7913,6208,9193,2025,225,Standard,Rahul Reyes,Nina Okafor,2026-02-14 09:51:00,,,,,Standard,,,4329,,,,,,
700271,100185,Customer Management,100652,Wellness Check-In,Final,N,Y,Followed up on the open items from last week.,100049,Yara Patel,Y,,7.6,6.9,100468,Y,2.7,How satisfied are you with the service?,Some concerns about turnaround time.,3.5,1.5,Other,Y,8.5,5.7,3.1,4.4,1.1,5.4,6.7,,,Y,,100153,Fatima Ashby,2026-05-07 07:18:00,noah.dorsey@sampleco.test,,2024-07-22 12:25:00,liam.whitfield@sampleco.test,,,Standard,,marco.cohen@demomail.test,Avery Mensah,arjun.patel@acme-fake.test,Noah Mercer,Gamma,100189,Y,Delta,elena.ford@examplecorp.test,Chen Sloan,Y,5004,1140,1404,9962,N,,,,,Scheduled a check-in for the coming month.,,drew.larsson@examplecorp.test,,Resolved the outstanding question about scope.,sofia.blake@acme-fake.test,omar.kim@sampleco.test,N,Beta,Aligned on billing and renewal terms.,,Gamma,Standard,,,,2026-04-21 14:42:00,9583,4811,Alpha,Alpha,Other,Gamma,230,585,8897,3226,7382,Standard,Mei Garcia,Marco Brooks,2026-04-02 18:29:00,,,,,,,,,,,,,,
700272,100485,Customer Management,100134,Quarterly Review,Final,N,N,Resolved the outstanding question about scope.,100172,Nina Mensah,Y,,2.2,8.4,100172,N,8.5,How likely are you to continue the engagement?,"Going well, minor tweaks needed.",5.9,3.5,Beta,N,1.8,6.2,4.8,9.9,3.3,9.3,2.2,,,Y,,100443,Sofia Nguyen,2025-03-29 20:31:00,avery.nguyen@examplecorp.test,,2025-06-20 19:26:00,drew.sato@examplecorp.test,,,,,alex.blake@sampleco.test,Elena Rossi,priya.whitfield@examplecorp.test,Taylor Ashby,Gamma,100366,Y,Other,riley.ivanov@acme-fake.test,Liam Whitfield,Y,6191,2687,4440,5113,N,,,,,Aligned on billing and renewal terms.,,jamie.mensah@demomail.test,,Shared the updated proposal for review.,elena.mercer@acme-fake.test,avery.cohen@demomail.test,Y,,,,,Other,,Beta,,2024-06-04 11:31:00,6758,814,Gamma,Standard,Delta,Standard,3609,4373,4010,6249,917,Other,Casey Okafor,Avery Mercer,2026-01-20 13:57:00,,,,,,,,,,,,,,
700273,100332,Customer Management,100344,Wellness Check-In,Final,N,Y,Shared the updated proposal for review.,100615,Morgan Patel,N,,4.8,9.6,100177,N,1.3,Any concerns we should address?,"Neutral, watching closely.",8.1,1.2,Standard,N,7.3,5.0,5.5,8.6,4.2,1.7,9.3,,,Y,,100206,Taylor Kim,2023-07-17 18:02:00,emerson.mercer@examplecorp.test,,2024-05-24 15:34:00,chen.ivanov@sampleco.test,,,,,rowan.calder@sampleco.test,Marco Ashby,jordan.sloan@examplecorp.test,Jamie Garcia,Beta,100741,N,Alpha,emerson.mensah@examplecorp.test,Sofia Sato,Y,6353,5675,9961,691,N,,,,,Scheduled a check-in for the coming month.,,aisha.haddad@demomail.test,,Resolved the outstanding question about scope.,aisha.sato@sampleco.test,diego.patel@demomail.test,N,,,,Delta,,Marco Dorsey,,Other,2024-01-07 10:02:00,2726,6034,Alpha,Standard,Gamma,Beta,9624,3301,8704,6192,5309,Delta,Rowan Ivanov,Aisha Larsson,2025-07-22 14:41:00,,,,,,,,,,,,,,
700274,100601,Resource Care,100686,Quarterly Review,Final,Y,Y,Noted a concern to revisit at the next sync.,100180,Reese Ashby,N,,4.6,3.7,100156,N,3.7,How satisfied are you with the service?,Exceeding expectations.,6.1,6.1,Delta,N,8.5,1.6,3.6,4.9,1.6,8.2,8.6,,,N,,100063,Taylor Whitfield,2024-04-26 22:23:00,jamie.blake@acme-fake.test,,2023-09-24 03:34:00,casey.mercer@sampleco.test,Diego Blake,,,,aisha.mercer@sampleco.test,Yara Calder,mei.ivanov@sampleco.test,Sofia Sato,Gamma,100667,Y,Other,emerson.reyes@demomail.test,Emerson Brooks,Y,8925,8113,9644,3323,N,,,,,Discussed timeline and next steps with the account.,,quinn.ivanov@examplecorp.test,,Noted a concern to revisit at the next sync.,marco.garcia@examplecorp.test,reese.garcia@sampleco.test,Y,,,,,,,,,2023-11-02 02:05:00,4576,2244,Delta,Gamma,Beta,Beta,8990,8943,9677,4297,6964,Other,Marco Reyes,Arjun Nguyen,2024-07-19 03:23:00,,,,,,,,,,,,,,
700275,100285,Customer Management,100613,Wellness Check-In,Final,Y,Y,Aligned on billing and renewal terms.,100490,Noah Costa,Y,,5.9,1.4,100257,Y,6.2,Any concerns we should address?,Exceeding expectations.,6.5,2.5,Gamma,Y,5.5,8.8,1.6,6.9,1.7,5.8,6.8,,,N,,100031,Diego Brooks,2025-07-16 09:38:00,yara.ford@sampleco.test,,2025-01-04 23:11:00,omar.vance@examplecorp.test,Nina Dorsey,,,,emerson.brooks@acme-fake.test,Emerson Patel,avery.mensah@acme-fake.test,Nina Cohen,Beta,100359,N,Gamma,elena.mensah@examplecorp.test,Riley Ashby,N,8855,9074,1640,1328,N,,,,,Scheduled a check-in for the coming month.,Omar Ford,liam.vance@examplecorp.test,,Scheduled a check-in for the coming month.,quinn.blake@demomail.test,quinn.calder@examplecorp.test,Y,Beta,Followed up on the open items from last week.,,Other,,,Other,,2026-06-04 02:59:00,3831,764,Other,Alpha,Gamma,Beta,7789,1955,9516,7866,7970,Other,Elena Kim,Drew Rossi,2024-03-07 07:21:00,,,,Beta,,,,,,,,,,Jordan Whitfield
700276,100799,Customer Management,100229,Wellness Check-In,Final,N,Y,Resolved the outstanding question about scope.,100227,Riley Vance,Y,,1.8,8.9,100161,N,8.6,Are deliverables meeting expectations?,Exceeding expectations.,8.4,4.8,Standard,N,4.4,4.5,4.0,4.9,6.9,4.6,8.3,,,Y,,100715,Alex Larsson,2025-09-27 19:58:00,emerson.costa@acme-fake.test,,2023-01-25 21:31:00,nina.dorsey@demomail.test,,,,Elena Silva,reese.blake@sampleco.test,Arjun Rossi,noah.dorsey@demomail.test,Taylor Whitfield,Other,100692,N,Alpha,aisha.haddad@sampleco.test,Elena Kim,N,7137,817,6700,987,N,,,,,Discussed timeline and next steps with the account.,,yara.whitfield@acme-fake.test,,Followed up on the open items from last week.,priya.whitfield@acme-fake.test,yara.mensah@sampleco.test,N,,,Gamma,Gamma,,,,Gamma,2023-09-26 04:38:00,5120,6525,Delta,Other,Gamma,Alpha,9946,3960,7005,1276,3796,Alpha,Rowan Sato,Jamie Patel,2023-10-31 08:18:00,,,,,,,,,,,,,,
700277,100771,Resource Care,100604,Quarterly Review,Final,N,Y,Noted a concern to revisit at the next sync.,100185,Elena Brooks,Y,,1.3,3.6,100123,Y,1.0,Any concerns we should address?,Very satisfied overall.,7.5,8.4,Beta,N,3.0,5.0,5.2,7.6,4.2,1.1,5.1,,,Y,,100729,Alex Ivanov,2023-09-21 13:27:00,elena.nguyen@acme-fake.test,,2025-10-26 04:59:00,riley.ashby@examplecorp.test,,,,,reese.calder@acme-fake.test,Drew Vance,riley.garcia@acme-fake.test,Emerson Larsson,Delta,100694,N,Alpha,priya.larsson@demomail.test,Quinn Reyes,Y,2812,185,6952,3598,Y,,Delta,,,Shared the updated proposal for review.,,omar.cohen@sampleco.test,,Noted a concern to revisit at the next sync.,chen.blake@examplecorp.test,jamie.calder@examplecorp.test,Y,,Resolved the outstanding question about scope.,,,Delta,,,,2023-04-28 16:05:00,2015,9711,Alpha,Beta,Alpha,Gamma,9335,6142,7268,4031,1571,Alpha,Yara Cohen,Drew Silva,2024-09-07 10:24:00,,,,,,,,,,,,,,
700278,100070,Resource Care,100030,Quarterly Review,Final,Y,Y,Reviewed performance and gathered feedback.,100735,Taylor Mensah,N,,4.4,8.6,100030,Y,8.4,How likely are you to continue the engagement?,Very satisfied overall.,9.4,4.2,Other,Y,4.6,2.1,4.9,8.3,7.5,4.1,5.5,,,Y,,100097,Avery Reyes,2025-04-28 02:57:00,jamie.calder@examplecorp.test,,2026-04-17 07:15:00,chen.mensah@examplecorp.test,,,Alpha,Noah Mensah,alex.dorsey@demomail.test,Riley Ashby,reese.mensah@examplecorp.test,Arjun Mercer,Delta,100257,N,Delta,aisha.mercer@acme-fake.test,Alex Rossi,Y,6854,5485,99,3299,Y,,,,,Reviewed performance and gathered feedback.,,mei.rossi@sampleco.test,,Aligned on billing and renewal terms.,skyler.garcia@demomail.test,omar.ford@examplecorp.test,N,,,,Alpha,,,,,2026-05-26 16:31:00,298,5158,Other,Alpha,Beta,Delta,5132,2757,6971,646,8372,Delta,Nina Calder,Arjun Haddad,2024-10-21 17:31:00,,,,,,,,,,,,,,
700279,100129,Customer Management,100543,Quarterly Review,Final,N,N,Reviewed performance and gathered feedback.,100613,Avery Whitfield,N,,5.2,9.3,100798,Y,5.6,Are deliverables meeting expectations?,"Neutral, watching closely.",1.9,7.6,Other,Y,5.4,1.9,9.6,5.3,3.6,2.7,9.0,,,N,,100345,Fatima Mercer,2025-08-04 06:42:00,aisha.okafor@examplecorp.test,,2023-05-19 21:19:00,reese.costa@acme-fake.test,,,Standard,Morgan Patel,reese.calder@examplecorp.test,Quinn Garcia,avery.garcia@examplecorp.test,Skyler Sato,Standard,100069,N,Gamma,priya.reyes@sampleco.test,Arjun Costa,Y,2863,6920,4007,9801,N,,,,,Aligned on billing and renewal terms.,,elena.whitfield@demomail.test,,Followed up on the open items from last week.,mei.reyes@sampleco.test,arjun.nguyen@acme-fake.test,Y,Beta,,Other,,,,,,2023-06-30 21:26:00,5341,1100,Delta,Alpha,Beta,Other,3518,6520,8981,5539,5917,Beta,Quinn Ivanov,Noah Larsson,2022-12-25 11:59:00,,,,,,,,,,,,,,
700280,100371,Customer Management,100267,Quarterly Review,Final,Y,Y,Shared the updated proposal for review.,100479,Mei Nguyen,Y,,8.6,4.1,100363,N,9.6,How likely are you to continue the engagement?,Happy with the progress.,2.1,7.9,Beta,Y,3.0,1.2,5.2,6.7,2.2,5.8,2.7,,,Y,,100494,Priya Costa,2023-11-11 00:42:00,drew.blake@acme-fake.test,,2024-03-10 14:57:00,rahul.vance@acme-fake.test,,,,,rowan.patel@demomail.test,Alex Nguyen,morgan.vance@acme-fake.test,Liam Nguyen,Gamma,100492,Y,Other,marco.silva@examplecorp.test,Drew Blake,Y,6624,5490,5021,9524,Y,,,,,Resolved the outstanding question about scope.,,aisha.rossi@examplecorp.test,,Noted a concern to revisit at the next sync.,reese.okafor@examplecorp.test,marco.brooks@sampleco.test,N,,Scheduled a check-in for the coming month.,Delta,Beta,,,,,2026-05-17 16:22:00,4311,2760,Standard,Gamma,Gamma,Alpha,7414,1843,3777,3295,4624,Beta,Fatima Okafor,Nina Sato,2025-03-15 18:32:00,,,,,,,,,4015,,,,,
700281,100241,Customer Management,100788,Customer Success Check-In,Final,N,Y,Shared the updated proposal for review.,100673,Reese Sloan,N,,1.1,5.1,100209,N,6.7,Any concerns we should address?,Happy with the progress.,5.0,6.0,Gamma,N,1.5,8.2,5.1,8.7,5.1,6.9,1.6,,,Y,,100523,Reese Ford,2025-03-12 03:39:00,quinn.calder@examplecorp.test,,2024-10-01 10:03:00,elena.mercer@examplecorp.test,Aisha Costa,,,,riley.vance@examplecorp.test,Marco Calder,diego.ford@acme-fake.test,Nina Sato,Beta,100523,N,Alpha,elena.haddad@acme-fake.test,Drew Okafor,Y,2847,5104,2135,3416,N,,,,,Noted a concern to revisit at the next sync.,,omar.mercer@sampleco.test,,Shared the updated proposal for review.,casey.vance@examplecorp.test,sofia.dorsey@sampleco.test,N,,,Standard,,,,Alpha,Alpha,2026-04-24 09:54:00,3665,2713,Other,Other,Standard,Other,6189,8452,5703,6565,9018,Delta,Priya Blake,Riley Whitfield,2023-07-27 16:35:00,3421,,,,,,,,,,,,,
700282,100744,Resource Care,100673,Customer Success Check-In,Final,Y,N,Shared the updated proposal for review.,100190,Drew Mercer,N,,7.1,3.1,100069,Y,3.3,How satisfied are you with the service?,Very satisfied overall.,1.2,6.5,Beta,Y,5.8,1.1,10.0,1.1,5.8,7.1,7.6,,,Y,,100242,Aisha Mensah,2024-12-11 19:43:00,mei.whitfield@demomail.test,,2023-02-22 07:06:00,omar.larsson@sampleco.test,,,,,taylor.larsson@demomail.test,Liam Silva,riley.larsson@acme-fake.test,Reese Mensah,Standard,100699,Y,Standard,quinn.ashby@demomail.test,Riley Sloan,N,3740,1587,5429,199,Y,,,,,Noted a concern to revisit at the next sync.,,reese.whitfield@acme-fake.test,,Aligned on billing and renewal terms.,priya.whitfield@acme-fake.test,fatima.whitfield@acme-fake.test,Y,Gamma,Discussed timeline and next steps with the account.,,,Beta,,,,2023-03-16 01:07:00,9976,8994,Standard,Beta,Delta,Standard,9921,4833,6800,2585,4848,Gamma,Avery Ford,Avery Costa,2026-05-24 12:05:00,,,,,,,,,,,,,,
700283,100056,Customer Management,100777,Quarterly Review,Final,N,Y,Shared the updated proposal for review.,100490,Morgan Mensah,Y,,6.3,4.4,100029,Y,1.2,Are deliverables meeting expectations?,Exceeding expectations.,1.5,4.5,Delta,N,6.1,1.8,2.4,2.9,8.7,1.2,1.1,,,N,,100645,Quinn Cohen,2025-12-26 13:53:00,rahul.mercer@examplecorp.test,,2024-07-19 22:17:00,casey.garcia@demomail.test,,,,Drew Larsson,aisha.mercer@sampleco.test,Skyler Rossi,elena.blake@acme-fake.test,Nina Okafor,Gamma,100044,Y,Other,nina.calder@acme-fake.test,Skyler Mercer,Y,5025,3037,4008,5697,Y,,,,,Noted a concern to revisit at the next sync.,,reese.sloan@acme-fake.test,,Reviewed performance and gathered feedback.,skyler.costa@acme-fake.test,morgan.cohen@acme-fake.test,Y,Standard,,,,,,,,2024-09-06 21:17:00,1918,6070,Other,Standard,Alpha,Alpha,8800,9422,119,9928,5917,Alpha,Fatima Nguyen,Noah Reyes,2022-10-01 20:21:00,,,,,,,,,,,,,Fatima Patel,
700284,100363,Customer Management,100511,Customer Success Check-In,Draft,Y,Y,Followed up on the open items from last week.,100044,Nina Costa,N,,2.3,1.7,100788,N,5.7,How is communication with your team?,Very satisfied overall.,5.0,4.9,Beta,Y,6.2,1.8,2.6,2.9,6.1,3.2,4.3,,,Y,,100069,Reese Kim,2026-04-30 06:04:00,reese.blake@examplecorp.test,,2025-12-16 17:07:00,casey.larsson@acme-fake.test,,,,,drew.patel@examplecorp.test,Alex Ford,quinn.mensah@demomail.test,Alex Cohen,Standard,100377,Y,Standard,morgan.mensah@demomail.test,Omar Mercer,Y,4526,5035,6758,7990,N,,,,,Followed up on the open items from last week.,,yara.ashby@demomail.test,,Shared the updated proposal for review.,skyler.okafor@examplecorp.test,liam.blake@examplecorp.test,N,,,,,,,,,2026-05-14 08:54:00,330,1642,Beta,Standard,Gamma,Alpha,8774,2074,2600,8728,3344,Alpha,Avery Sloan,Casey Reyes,2023-01-23 16:49:00,,,,,,,,,,,,,,
700285,100715,Resource Care,100455,Quarterly Review,Final,N,Y,Shared the updated proposal for review.,100295,Quinn Okafor,Y,,2.0,2.2,100440,Y,6.5,How likely are you to continue the engagement?,Some concerns about turnaround time.,4.8,5.0,Alpha,Y,4.9,5.9,4.3,3.5,9.8,8.3,8.1,,,N,,100705,Liam Kim,2022-12-24 12:08:00,rahul.nguyen@demomail.test,Liam Ivanov,2024-03-04 21:18:00,riley.cohen@demomail.test,Nina Sato,,,,rahul.whitfield@examplecorp.test,Alex Brooks,morgan.sloan@sampleco.test,Mei Mensah,Delta,100780,N,Gamma,sofia.kim@examplecorp.test,Fatima Nguyen,Y,4383,9584,9219,5787,Y,,,,,Noted a concern to revisit at the next sync.,,diego.blake@sampleco.test,,Shared the updated proposal for review.,chen.blake@examplecorp.test,rahul.sato@examplecorp.test,N,,,,,Standard,,,Delta,2022-11-19 15:36:00,4815,1145,Alpha,Gamma,Delta,Other,6001,454,7620,459,1155,Gamma,Fatima Sato,Jordan Nguyen,2025-04-07 03:45:00,,,,,,,304,,,,,,,
700286,100538,Customer Management,100582,Wellness Check-In,Final,Y,N,Noted a concern to revisit at the next sync.,100216,Skyler Dorsey,Y,,4.1,7.6,100370,Y,6.9,Any concerns we should address?,"Neutral, watching closely.",2.4,7.2,Standard,N,6.1,1.3,9.6,9.2,9.6,6.0,7.4,,,Y,,100205,Noah Reyes,2025-03-13 15:19:00,riley.sato@acme-fake.test,,2023-05-04 18:17:00,priya.brooks@examplecorp.test,,,,,reese.haddad@examplecorp.test,Nina Ford,drew.patel@examplecorp.test,Skyler Sloan,Beta,100091,N,Gamma,taylor.rossi@demomail.test,Priya Mensah,Y,839,3725,165,5006,Y,,,,,Followed up on the open items from last week.,,jordan.mensah@demomail.test,,Aligned on billing and renewal terms.,omar.nguyen@demomail.test,avery.cohen@examplecorp.test,Y,,,,,Alpha,Chen Reyes,Alpha,Alpha,2026-04-29 10:52:00,4656,2270,Delta,Alpha,Alpha,Delta,6804,2618,5576,8689,7090,Standard,Riley Dorsey,Noah Garcia,2025-03-22 16:39:00,,,,,,,,,,,,,,
700287,100622,Customer Management,100421,Wellness Check-In,Final,N,N,Noted a concern to revisit at the next sync.,100073,Drew Ivanov,Y,,4.2,1.6,100331,N,6.1,How likely are you to continue the engagement?,Exceeding expectations.,3.4,4.8,Delta,N,6.7,2.7,8.0,9.2,9.4,1.7,8.8,,,N,,100366,Alex Dorsey,2022-12-08 23:09:00,avery.silva@sampleco.test,,2022-10-07 14:02:00,jamie.nguyen@acme-fake.test,Arjun Patel,,,Nina Sloan,skyler.cohen@acme-fake.test,Morgan Kim,rowan.ford@sampleco.test,Reese Ashby,Other,100128,Y,Delta,yara.patel@sampleco.test,Reese Patel,Y,5709,6900,9573,8992,N,,,,,Aligned on billing and renewal terms.,,rahul.mercer@demomail.test,,Reviewed performance and gathered feedback.,nina.dorsey@examplecorp.test,rahul.nguyen@sampleco.test,Y,,,,Delta,Beta,,,,2022-11-21 19:27:00,6435,9139,Other,Gamma,Standard,Gamma,774,7003,3433,8285,1423,Delta,Taylor Patel,Drew Haddad,2024-06-04 23:45:00,,,,,,,,,,,,,,
700288,100708,Customer Management,100610,Customer Success Check-In,Final,N,Y,Followed up on the open items from last week.,100331,Priya Sato,Y,,6.2,6.5,100520,N,8.3,Are deliverables meeting expectations?,Some concerns about turnaround time.,7.5,7.7,Alpha,N,1.4,5.5,3.6,7.6,6.1,8.6,2.1,,,N,,100726,Sofia Cohen,2023-03-07 06:07:00,rowan.sato@acme-fake.test,,2025-03-15 11:16:00,taylor.mercer@examplecorp.test,,,,Taylor Rossi,aisha.nguyen@examplecorp.test,Sofia Sato,liam.silva@examplecorp.test,Emerson Sato,Alpha,100624,N,Other,marco.mercer@demomail.test,Reese Cohen,Y,115,2451,9077,1070,Y,,,,,Discussed timeline and next steps with the account.,,emerson.nguyen@demomail.test,,Followed up on the open items from last week.,skyler.reyes@examplecorp.test,yara.whitfield@sampleco.test,N,Gamma,,,,,Emerson Mercer,,,2023-03-20 01:43:00,9823,1678,Alpha,Standard,Delta,Gamma,8696,9425,3738,4604,3206,Other,Priya Nguyen,Emerson Garcia,2025-11-17 14:23:00,,,,,,,,,,,,,,Aisha Sloan
700289,100277,Customer Management,100652,Quarterly Review,Final,Y,Y,Discussed timeline and next steps with the account.,100136,Reese Nguyen,Y,,4.6,6.0,100334,N,2.5,How is communication with your team?,Some concerns about turnaround time.,9.3,8.4,Other,Y,5.4,5.4,7.6,5.1,8.4,6.8,5.3,,,Y,,100165,Alex Nguyen,2026-03-27 07:04:00,diego.mensah@acme-fake.test,,2024-09-20 20:04:00,aisha.kim@demomail.test,,,,Rowan Reyes,casey.nguyen@acme-fake.test,Omar Ford,casey.okafor@sampleco.test,Casey Blake,Alpha,100758,N,Beta,mei.cohen@demomail.test,Sofia Nguyen,Y,3746,2650,2599,5734,N,,,,,Discussed timeline and next steps with the account.,,noah.costa@examplecorp.test,,Resolved the outstanding question about scope.,fatima.mensah@examplecorp.test,emerson.rossi@acme-fake.test,N,,Noted a concern to revisit at the next sync.,,,,Emerson Mensah,,,2024-04-03 07:51:00,4512,9509,Gamma,Delta,Alpha,Delta,7649,206,1434,6296,1162,Beta,Rowan Rossi,Marco Sloan,2025-04-26 03:12:00,,,,,,,,,,,,,,
700290,100445,Resource Care,100708,Quarterly Review,Final,Y,Y,Aligned on billing and renewal terms.,100585,Sofia Whitfield,Y,,2.6,7.7,100195,Y,5.4,Are deliverables meeting expectations?,Very satisfied overall.,6.6,7.8,Alpha,Y,9.4,4.2,2.3,4.0,4.8,9.2,1.4,,,N,,100765,Taylor Nguyen,2024-09-18 04:10:00,sofia.sato@demomail.test,,2024-03-31 22:48:00,fatima.whitfield@acme-fake.test,,,,,nina.dorsey@sampleco.test,Reese Patel,alex.vance@acme-fake.test,Fatima Vance,Delta,100548,N,Alpha,reese.calder@examplecorp.test,Taylor Calder,N,4923,8804,5433,6970,Y,,,,Other,Reviewed performance and gathered feedback.,,fatima.calder@demomail.test,Standard,Noted a concern to revisit at the next sync.,alex.sloan@examplecorp.test,reese.haddad@examplecorp.test,Y,,,,,,,,,2025-07-23 15:54:00,8428,7330,Standard,Standard,Beta,Delta,1004,7942,1772,976,5215,Delta,Casey Brooks,Taylor Kim,2023-10-03 08:41:00,,,,,,,,,,,,,,
700291,100288,Resource Care,100128,Customer Success Check-In,Final,N,Y,Aligned on billing and renewal terms.,100749,Rowan Ford,Y,,6.3,5.4,100020,N,7.3,How likely are you to continue the engagement?,Some concerns about turnaround time.,1.5,1.9,Alpha,N,3.9,8.6,4.1,5.7,9.9,9.5,9.5,,,N,,100696,Liam Haddad,2024-08-18 13:35:00,reese.sato@acme-fake.test,,2026-02-10 22:13:00,mei.whitfield@examplecorp.test,Fatima Mercer,,,,rowan.mensah@examplecorp.test,Riley Blake,chen.larsson@demomail.test,Taylor Silva,Alpha,100486,Y,Gamma,rahul.blake@acme-fake.test,Reese Larsson,Y,7742,7266,2891,2126,Y,,,,,Discussed timeline and next steps with the account.,,reese.reyes@acme-fake.test,,Aligned on billing and renewal terms.,omar.cohen@sampleco.test,fatima.mercer@demomail.test,N,Other,,Other,,,,Delta,,2024-09-15 17:49:00,4291,7732,Beta,Alpha,Other,Alpha,2766,4752,5252,6896,4305,Standard,Emerson Whitfield,Morgan Mercer,2024-07-11 09:26:00,,,,Standard,,,,,,,,,,
700292,100559,Resource Care,100475,Wellness Check-In,Final,Y,Y,Shared the updated proposal for review.,100217,Riley Dorsey,Y,,7.1,1.7,100158,Y,4.3,How likely are you to continue the engagement?,"Neutral, watching closely.",2.2,3.8,Beta,Y,2.0,8.1,8.1,2.7,8.0,1.5,4.7,,,N,,100353,Emerson Brooks,2025-10-21 18:41:00,omar.garcia@sampleco.test,,2026-05-28 04:11:00,rowan.brooks@demomail.test,,,,,alex.blake@demomail.test,Riley Blake,rahul.whitfield@examplecorp.test,Aisha Sato,Other,100310,N,Beta,elena.nguyen@sampleco.test,Nina Mercer,N,6516,5183,8761,3566,Y,,,,,Resolved the outstanding question about scope.,,drew.mensah@examplecorp.test,,Resolved the outstanding question about scope.,priya.haddad@demomail.test,morgan.silva@demomail.test,N,,,,,Other,,,,2025-04-09 14:06:00,1415,427,Delta,Gamma,Standard,Beta,579,9994,2548,3151,5421,Other,Omar Ford,Jordan Costa,2023-05-30 20:19:00,,,,,,,,,,,,,,
700293,100742,Resource Care,100481,Customer Success Check-In,Final,Y,N,Shared the updated proposal for review.,100239,Marco Patel,N,,8.2,4.8,100746,Y,8.3,How satisfied are you with the service?,Exceeding expectations.,7.3,4.1,Standard,Y,2.7,7.4,5.4,8.7,2.2,2.8,7.5,,,N,,100715,Diego Ivanov,2024-02-15 15:17:00,marco.dorsey@sampleco.test,,2025-08-01 16:11:00,riley.ford@examplecorp.test,,,,,alex.okafor@demomail.test,Quinn Blake,reese.patel@acme-fake.test,Rahul Rossi,Delta,100176,Y,Other,alex.whitfield@acme-fake.test,Marco Haddad,Y,5261,1963,9037,9338,N,,,,,Resolved the outstanding question about scope.,,yara.nguyen@sampleco.test,,Reviewed performance and gathered feedback.,nina.ivanov@sampleco.test,chen.calder@sampleco.test,N,,Aligned on billing and renewal terms.,,,,,,,2023-03-28 02:23:00,4165,6059,Other,Other,Standard,Other,2602,2531,8298,9544,6819,Standard,Aisha Mensah,Fatima Ivanov,2023-01-30 15:40:00,,,,,,,,,,,,,,
700294,100089,Customer Management,100473,Wellness Check-In,Final,Y,N,Shared the updated proposal for review.,100607,Morgan Rossi,N,,2.0,3.3,100579,N,2.2,How is communication with your team?,Very satisfied overall.,2.3,6.8,Alpha,N,9.3,3.8,5.9,9.9,4.0,2.5,5.2,,,Y,,100772,Jamie Costa,2025-04-11 10:05:00,yara.silva@demomail.test,,2026-07-18 10:29:00,yara.sloan@acme-fake.test,,,,,sofia.ivanov@acme-fake.test,Yara Garcia,elena.mensah@sampleco.test,Avery Sato,Alpha,100511,Y,Gamma,yara.ford@sampleco.test,Fatima Vance,Y,9185,5000,9904,9358,Y,,,,,Scheduled a check-in for the coming month.,,elena.garcia@sampleco.test,,Reviewed performance and gathered feedback.,priya.okafor@examplecorp.test,morgan.haddad@examplecorp.test,N,Standard,,,,,,,Beta,2024-02-18 22:30:00,4861,1398,Gamma,Standard,Standard,Delta,5078,6243,1383,2081,5133,Alpha,Casey Costa,Avery Mensah,2023-03-19 08:22:00,,,,,,,,,,,,,,
700295,100709,Resource Care,100530,Customer Success Check-In,Final,N,Y,Discussed timeline and next steps with the account.,100353,Skyler Kim,Y,,7.9,3.0,100146,N,2.7,Any concerns we should address?,Exceeding expectations.,3.5,9.8,Beta,N,1.8,9.4,7.5,1.7,3.5,3.1,7.5,,,N,,100610,Riley Calder,2023-03-07 09:03:00,liam.cohen@examplecorp.test,,2024-03-12 23:47:00,chen.kim@examplecorp.test,Reese Nguyen,,,,skyler.calder@sampleco.test,Nina Reyes,omar.okafor@sampleco.test,Priya Costa,Gamma,100257,N,Beta,riley.okafor@acme-fake.test,Alex Cohen,Y,606,3828,6498,6032,N,,,,,Reviewed performance and gathered feedback.,,riley.ivanov@sampleco.test,,Scheduled a check-in for the coming month.,jordan.silva@examplecorp.test,yara.patel@sampleco.test,N,,Reviewed performance and gathered feedback.,,,,Emerson Mercer,,,2024-12-11 15:19:00,3784,8206,Alpha,Standard,Gamma,Delta,960,6723,1307,1804,2471,Alpha,Liam Whitfield,Nina Cohen,2025-10-07 19:19:00,,,,,,,,,,,,,,
700296,100180,Customer Management,100627,Quarterly Review,Final,N,N,Resolved the outstanding question about scope.,100325,Noah Brooks,N,,4.7,7.7,100366,N,9.6,Are deliverables meeting expectations?,Some concerns about turnaround time.,6.0,2.4,Alpha,Y,2.9,4.8,9.8,5.7,8.5,6.6,5.0,,,Y,,100107,Liam Ivanov,2025-03-26 06:00:00,mei.vance@sampleco.test,,2026-05-16 12:24:00,sofia.mercer@acme-fake.test,,,Beta,,nina.sloan@sampleco.test,Emerson Whitfield,chen.ashby@sampleco.test,Jordan Rossi,Delta,100377,N,Alpha,noah.blake@examplecorp.test,Arjun Whitfield,N,8167,9142,4500,2009,N,,,,,Resolved the outstanding question about scope.,,casey.sato@acme-fake.test,,Shared the updated proposal for review.,yara.costa@demomail.test,elena.ford@demomail.test,N,,,,,,,,,2024-01-04 15:17:00,7649,9984,Gamma,Gamma,Other,Other,8735,4243,2761,2127,4474,Delta,Marco Calder,Diego Brooks,2025-04-27 00:08:00,,,,,,,,,,,,,,
700297,100568,Customer Management,100192,Customer Success Check-In,Final,N,Y,Resolved the outstanding question about scope.,100526,Morgan Ivanov,N,,5.1,6.2,100009,N,8.5,Any concerns we should address?,Happy with the progress.,8.1,7.2,Other,N,9.5,4.7,3.2,2.3,1.2,7.7,5.1,,,Y,,100473,Elena Sloan,2024-11-09 06:48:00,chen.garcia@acme-fake.test,,2022-10-10 18:29:00,casey.brooks@sampleco.test,,,,Quinn Costa,liam.larsson@acme-fake.test,Liam Blake,priya.cohen@acme-fake.test,Rowan Rossi,Gamma,100009,N,Gamma,jordan.mercer@demomail.test,Marco Blake,Y,8868,6569,200,6130,Y,,,,,Scheduled a check-in for the coming month.,,noah.blake@acme-fake.test,,Reviewed performance and gathered feedback.,alex.ivanov@examplecorp.test,morgan.ivanov@demomail.test,Y,Gamma,,,,,Nina Nguyen,,,2025-10-03 00:33:00,8923,3677,Beta,Alpha,Gamma,Standard,5968,6164,8577,4797,4752,Standard,Mei Kim,Reese Reyes,2025-09-08 22:36:00,,,,,,,,,,,,,,
700298,100552,Resource Care,100091,Customer Success Check-In,Final,N,Y,Discussed timeline and next steps with the account.,100445,Taylor Whitfield,N,,3.8,6.0,100220,N,7.0,How satisfied are you with the service?,Happy with the progress.,1.9,8.8,Gamma,N,5.7,4.8,2.0,7.5,9.3,8.0,5.6,,,Y,,100661,Jordan Patel,2025-06-12 03:32:00,marco.dorsey@acme-fake.test,Omar Rossi,2025-12-03 09:28:00,skyler.mensah@sampleco.test,Quinn Brooks,,,,chen.sato@sampleco.test,Liam Calder,diego.costa@demomail.test,Rahul Kim,Beta,100500,Y,Gamma,avery.larsson@demomail.test,Chen Larsson,Y,7441,9368,1619,7478,Y,,,,,Noted a concern to revisit at the next sync.,,skyler.cohen@demomail.test,,Resolved the outstanding question about scope.,rowan.reyes@demomail.test,jordan.vance@demomail.test,N,,,,,,,,Alpha,2023-03-30 18:07:00,6923,2810,Delta,Standard,Delta,Other,1607,8472,5306,8657,1562,Gamma,Marco Reyes,Jordan Ivanov,2022-10-15 12:24:00,,,,,,,,,,,,,,
700299,100704,Customer Management,100153,Wellness Check-In,Draft,Y,N,Aligned on billing and renewal terms.,100259,Omar Haddad,Y,,2.4,2.6,100637,N,5.0,How likely are you to continue the engagement?,Some concerns about turnaround time.,4.4,5.2,Alpha,Y,5.9,6.5,8.8,8.2,2.0,1.2,4.3,,,Y,,100376,Elena Dorsey,2025-08-22 01:41:00,diego.calder@examplecorp.test,,2025-09-28 23:57:00,reese.patel@examplecorp.test,,,,Rahul Larsson,rahul.nguyen@sampleco.test,Noah Garcia,liam.mercer@sampleco.test,Avery Rossi,Delta,100516,N,Other,sofia.reyes@examplecorp.test,Aisha Reyes,N,3332,6763,7109,8791,N,,,,,Shared the updated proposal for review.,,skyler.dorsey@demomail.test,,Scheduled a check-in for the coming month.,aisha.larsson@examplecorp.test,nina.mercer@examplecorp.test,N,,Shared the updated proposal for review.,,,Standard,Drew Vance,Beta,,2022-10-29 07:39:00,4427,5624,Standard,Other,Standard,Beta,2755,800,8979,4140,3735,Standard,Skyler Ford,Yara Okafor,2025-09-27 16:52:00,,,,,,,,,,,,,,
700300,100285,Customer Management,100622,Customer Success Check-In,Final,N,N,Reviewed performance and gathered feedback.,100132,Diego Patel,Y,,7.5,4.7,100641,N,9.7,Are deliverables meeting expectations?,Some concerns about turnaround time.,6.7,6.4,Other,Y,8.9,5.2,1.8,5.2,5.5,9.2,5.1,,,Y,,100308,Reese Nguyen,2023-03-31 19:36:00,elena.mercer@demomail.test,,2023-09-15 19:27:00,emerson.ivanov@acme-fake.test,,,,,taylor.blake@sampleco.test,Quinn Nguyen,avery.brooks@examplecorp.test,Nina Ashby,Gamma,100017,Y,Beta,priya.ashby@acme-fake.test,Marco Haddad,Y,1018,2783,4997,5333,Y,,,,,Noted a concern to revisit at the next sync.,,aisha.mensah@demomail.test,,Noted a concern to revisit at the next sync.,priya.kim@examplecorp.test,omar.nguyen@sampleco.test,N,,,Standard,,Alpha,,Standard,,2022-10-05 19:15:00,281,3841,Alpha,Alpha,Gamma,Gamma,865,5835,611,8787,7470,Alpha,Yara Larsson,Skyler Brooks,2024-07-15 22:43:00,,,,,,,,,,,,,,
700301,100182,Resource Care,100484,Customer Success Check-In,Final,Y,N,Aligned on billing and renewal terms.,100382,Riley Dorsey,Y,,4.1,2.6,100509,Y,1.1,Any concerns we should address?,Some concerns about turnaround time.,8.9,9.0,Alpha,N,4.3,4.9,3.1,6.7,9.1,7.8,9.2,,,N,,100371,Marco Silva,2024-08-25 07:33:00,rahul.blake@acme-fake.test,,2024-09-16 15:18:00,rahul.ivanov@sampleco.test,,,,,aisha.kim@demomail.test,Taylor Sloan,elena.kim@demomail.test,Taylor Patel,Delta,100101,N,Beta,morgan.haddad@examplecorp.test,Alex Blake,N,1272,973,987,2241,Y,,,Alpha,,Scheduled a check-in for the coming month.,,avery.patel@examplecorp.test,,Reviewed performance and gathered feedback.,marco.garcia@sampleco.test,elena.brooks@sampleco.test,Y,,,,,,Alex Silva,,,2024-01-10 12:16:00,3327,5373,Delta,Gamma,Other,Delta,3170,2618,2678,4848,7407,Alpha,Drew Whitfield,Emerson Dorsey,2023-07-27 21:59:00,,,Alpha,,,,,,,,,,,
700302,100796,Customer Management,100750,Quarterly Review,Final,N,N,Noted a concern to revisit at the next sync.,100683,Omar Garcia,N,,6.3,8.9,100475,N,10.0,How is communication with your team?,Exceeding expectations.,1.7,2.8,Other,Y,9.4,6.0,1.2,4.0,6.9,7.1,7.8,,,N,,100075,Riley Mercer,2023-04-13 07:17:00,diego.nguyen@acme-fake.test,,2024-12-01 02:21:00,liam.vance@demomail.test,,,,,noah.nguyen@demomail.test,Yara Ashby,yara.okafor@sampleco.test,Yara Okafor,Other,100477,N,Alpha,priya.kim@examplecorp.test,Taylor Costa,Y,7529,9169,6773,8420,Y,,,,,Resolved the outstanding question about scope.,,liam.sato@acme-fake.test,,Reviewed performance and gathered feedback.,riley.brooks@acme-fake.test,yara.sato@demomail.test,Y,,,Beta,Other,,Rowan Mensah,,Other,2025-09-29 21:06:00,4029,8984,Alpha,Gamma,Beta,Alpha,9732,6577,7337,9412,547,Standard,Jamie Vance,Skyler Dorsey,2023-04-22 00:36:00,,,,,,,,,,,,,,
700303,100658,Resource Care,100613,Customer Success Check-In,Final,Y,N,Scheduled a check-in for the coming month.,100309,Arjun Rossi,Y,,2.7,8.2,100800,Y,4.6,Any concerns we should address?,Some concerns about turnaround time.,8.4,4.3,Alpha,N,9.3,9.5,8.7,8.8,5.9,8.8,5.6,,,Y,,100539,Riley Brooks,2025-04-26 05:26:00,liam.okafor@demomail.test,,2025-11-05 06:55:00,reese.rossi@examplecorp.test,,,,,elena.costa@acme-fake.test,Jordan Kim,aisha.haddad@sampleco.test,Emerson Mercer,Delta,100555,N,Delta,quinn.haddad@acme-fake.test,Casey Brooks,Y,8349,1223,1918,5860,Y,,,,,Noted a concern to revisit at the next sync.,,priya.costa@sampleco.test,,Reviewed performance and gathered feedback.,quinn.cohen@sampleco.test,fatima.blake@acme-fake.test,Y,,,,,,,,Alpha,2026-01-28 16:34:00,617,6394,Gamma,Delta,Gamma,Gamma,3831,2738,2206,3799,2475,Beta,Emerson Cohen,Jamie Ashby,2024-04-18 07:46:00,,,,,,,,,,,,,,
700304,100056,Resource Care,100156,Wellness Check-In,Final,N,Y,Aligned on billing and renewal terms.,100188,Nina Whitfield,Y,,3.3,8.8,100641,Y,2.3,How is communication with your team?,"Going well, minor tweaks needed.",1.8,7.7,Alpha,Y,6.3,6.3,1.2,3.8,6.3,9.2,3.3,,,Y,,100352,Arjun Silva,2024-04-30 08:27:00,noah.whitfield@demomail.test,,2024-01-02 11:13:00,avery.cohen@acme-fake.test,,,,,rahul.ford@examplecorp.test,Chen Silva,yara.reyes@sampleco.test,Jamie Dorsey,Standard,100470,Y,Gamma,chen.patel@acme-fake.test,Emerson Patel,N,9328,6561,8519,7745,Y,Standard,,,,Noted a concern to revisit at the next sync.,,liam.patel@examplecorp.test,,Noted a concern to revisit at the next sync.,chen.costa@acme-fake.test,liam.silva@demomail.test,Y,Delta,,,,,,Beta,Gamma,2023-05-14 06:08:00,6768,7280,Alpha,Delta,Alpha,Other,2283,8689,2506,2081,7425,Gamma,Reese Costa,Alex Cohen,2026-02-21 18:40:00,,,,,,,,,,,,,,
700305,100097,Resource Care,100165,Customer Success Check-In,Final,N,Y,Aligned on billing and renewal terms.,100473,Chen Ashby,Y,,3.6,2.0,100339,Y,5.5,How likely are you to continue the engagement?,"Neutral, watching closely.",9.8,7.1,Gamma,Y,4.5,1.9,9.4,6.7,6.6,6.5,8.6,,,N,,100020,Taylor Haddad,2024-06-10 08:35:00,rowan.rossi@sampleco.test,,2024-04-22 17:22:00,elena.larsson@acme-fake.test,,,,Rowan Sloan,omar.rossi@sampleco.test,Omar Mensah,morgan.calder@examplecorp.test,Jordan Mercer,Gamma,100120,N,Other,jamie.cohen@demomail.test,Drew Sato,N,1938,5514,1663,1944,Y,,,,,Noted a concern to revisit at the next sync.,,quinn.sloan@acme-fake.test,,Discussed timeline and next steps with the account.,morgan.larsson@demomail.test,elena.kim@examplecorp.test,N,,,Delta,Other,Alpha,Casey Vance,Standard,Delta,2023-09-28 21:28:00,7926,8628,Delta,Standard,Other,Alpha,3228,4634,9451,184,3127,Standard,Elena Haddad,Noah Calder,2024-07-04 13:17:00,,,,,,,,,,,,,,
700306,100607,Customer Management,100026,Quarterly Review,Final,Y,N,Resolved the outstanding question about scope.,100213,Arjun Blake,Y,,6.2,7.2,100558,Y,6.4,How likely are you to continue the engagement?,Exceeding expectations.,9.4,7.3,Alpha,N,9.9,4.5,2.0,9.3,1.3,6.0,6.3,,,N,,100340,Reese Garcia,2023-10-17 09:53:00,arjun.sloan@sampleco.test,,2023-08-31 14:14:00,priya.nguyen@sampleco.test,,,Gamma,,marco.mercer@demomail.test,Liam Blake,mei.nguyen@examplecorp.test,Skyler Silva,Delta,100120,Y,Alpha,rowan.mensah@demomail.test,Aisha Okafor,Y,8047,1260,7699,1428,Y,,,,,Followed up on the open items from last week.,,aisha.larsson@demomail.test,,Reviewed performance and gathered feedback.,emerson.kim@acme-fake.test,arjun.sloan@acme-fake.test,N,,Shared the updated proposal for review.,,,Beta,Taylor Vance,,,2023-09-29 07:53:00,6276,181,Beta,Beta,Standard,Beta,8908,1387,1226,6176,3334,Alpha,Yara Larsson,Elena Dorsey,2025-08-15 03:32:00,,,,,,,,,,,,,,
700307,100685,Customer Management,100760,Quarterly Review,Final,N,N,Resolved the outstanding question about scope.,100712,Alex Mensah,Y,,7.2,6.5,100551,N,9.4,How likely are you to continue the engagement?,Very satisfied overall.,8.0,9.3,Other,Y,6.1,1.0,8.6,3.5,2.5,5.9,1.4,,,Y,,100123,Mei Brooks,2024-08-07 21:11:00,chen.kim@acme-fake.test,,2023-10-01 22:23:00,taylor.patel@sampleco.test,,,Standard,,taylor.ivanov@sampleco.test,Noah Rossi,quinn.silva@acme-fake.test,Omar Ivanov,Other,100117,Y,Alpha,drew.cohen@acme-fake.test,Riley Vance,Y,8974,4245,1754,3949,Y,,,,,Reviewed performance and gathered feedback.,,rowan.calder@examplecorp.test,Delta,Noted a concern to revisit at the next sync.,morgan.ashby@acme-fake.test,reese.dorsey@examplecorp.test,N,,,,,,Liam Larsson,,,2024-12-27 01:09:00,5952,9242,Gamma,Gamma,Standard,Gamma,5517,2724,2595,2191,9571,Delta,Elena Mercer,Sofia Whitfield,2025-01-23 15:15:00,,,,,,,,,,,,,,
700308,100585,Customer Management,100141,Quarterly Review,Final,N,Y,Resolved the outstanding question about scope.,100058,Marco Okafor,Y,,1.6,1.5,100763,Y,7.4,How satisfied are you with the service?,Exceeding expectations.,4.4,1.2,Gamma,N,1.1,7.4,3.6,6.8,9.9,8.3,9.1,,,N,,100482,Morgan Patel,2026-01-16 23:18:00,diego.mensah@sampleco.test,,2024-10-18 19:08:00,fatima.ivanov@acme-fake.test,Alex Vance,,Beta,Arjun Ford,quinn.costa@demomail.test,Marco Sloan,liam.rossi@sampleco.test,Noah Larsson,Gamma,100692,N,Beta,riley.kim@demomail.test,Drew Okafor,Y,5973,6968,8196,2728,Y,,,,,Followed up on the open items from last week.,,fatima.ashby@demomail.test,,Shared the updated proposal for review.,elena.blake@demomail.test,marco.reyes@sampleco.test,N,,Resolved the outstanding question about scope.,,,,,,,2022-12-24 01:01:00,8183,2573,Beta,Delta,Beta,Delta,1157,9269,274,6886,7011,Beta,Arjun Mensah,Avery Dorsey,2023-04-13 05:37:00,,,,,,,,,,,,Beta,,
700309,100591,Customer Management,100046,Customer Success Check-In,Final,N,N,Noted a concern to revisit at the next sync.,100579,Chen Ashby,N,,5.1,1.9,100705,Y,9.5,How satisfied are you with the service?,Happy with the progress.,9.8,5.4,Gamma,N,7.2,6.6,10.0,7.9,4.6,6.3,3.7,,,N,,100190,Rahul Silva,2024-02-23 01:50:00,priya.ivanov@demomail.test,,2023-04-16 23:20:00,skyler.cohen@sampleco.test,,,,,avery.haddad@acme-fake.test,Drew Dorsey,rahul.calder@acme-fake.test,Liam Larsson,Standard,100777,Y,Alpha,elena.brooks@sampleco.test,Nina Whitfield,N,1894,4089,2500,2085,Y,,,,,Followed up on the open items from last week.,,rowan.reyes@demomail.test,,Followed up on the open items from last week.,reese.okafor@examplecorp.test,chen.mercer@demomail.test,N,,Scheduled a check-in for the coming month.,,,,Reese Ford,Standard,,2024-06-17 07:59:00,3097,9962,Standard,Gamma,Standard,Standard,7153,8754,7925,1275,8056,Delta,Riley Larsson,Quinn Haddad,2023-12-10 11:58:00,,,,,,,,,,,,,,
700310,100408,Resource Care,100656,Customer Success Check-In,Final,N,N,Aligned on billing and renewal terms.,100685,Emerson Ashby,N,,6.4,4.7,100500,N,9.7,How likely are you to continue the engagement?,Happy with the progress.,6.0,1.4,Beta,N,1.1,6.6,9.5,4.9,3.6,7.7,3.7,,,N,,100366,Aisha Nguyen,2022-11-01 11:48:00,marco.kim@acme-fake.test,,2024-03-30 19:14:00,sofia.haddad@examplecorp.test,,,,,quinn.mercer@examplecorp.test,Alex Okafor,arjun.sato@sampleco.test,Jordan Rossi,Beta,100637,N,Other,jamie.ford@sampleco.test,Casey Okafor,N,4892,1752,1622,7205,Y,,,,,Reviewed performance and gathered feedback.,,fatima.ford@demomail.test,,Scheduled a check-in for the coming month.,quinn.ivanov@acme-fake.test,quinn.ford@demomail.test,Y,Other,,Other,Delta,Other,,,Other,2024-05-13 02:22:00,3605,2479,Standard,Other,Other,Gamma,301,1156,4885,3959,8248,Other,Jordan Reyes,Rowan Ivanov,2026-02-18 14:40:00,,,,,,,,6,,,,,,
700311,100631,Customer Management,100468,Quarterly Review,Final,Y,Y,Noted a concern to revisit at the next sync.,100383,Noah Whitfield,N,,4.5,7.9,100134,N,2.6,How is communication with your team?,Very satisfied overall.,7.3,9.6,Gamma,Y,4.0,6.6,9.1,8.7,1.4,4.0,4.7,,,Y,,100208,Sofia Larsson,2023-10-20 23:13:00,omar.reyes@demomail.test,,2026-01-17 00:24:00,jordan.patel@sampleco.test,,,,Omar Kim,chen.patel@examplecorp.test,Diego Reyes,sofia.haddad@examplecorp.test,Reese Whitfield,Standard,100705,N,Gamma,skyler.brooks@sampleco.test,Alex Haddad,Y,4066,4196,7021,1559,N,,,,,Reviewed performance and gathered feedback.,,alex.nguyen@acme-fake.test,,Scheduled a check-in for the coming month.,morgan.brooks@demomail.test,morgan.mensah@demomail.test,N,,,,,,,,,2023-06-04 22:08:00,4778,9062,Gamma,Other,Alpha,Alpha,5435,3057,3969,8968,2917,Other,Rowan Mensah,Fatima Blake,2026-04-07 17:12:00,,,,,,,,,,,,,,
700312,100755,Customer Management,100295,Wellness Check-In,Final,N,Y,Discussed timeline and next steps with the account.,100239,Chen Sloan,Y,,5.2,6.8,100542,Y,9.5,How satisfied are you with the service?,"Neutral, watching closely.",8.4,5.8,Gamma,N,3.9,4.5,1.7,6.8,8.7,6.7,5.1,,,N,,100298,Noah Ivanov,2023-09-14 07:40:00,sofia.nguyen@demomail.test,,2024-11-17 03:31:00,quinn.reyes@sampleco.test,Chen Ivanov,,,,diego.nguyen@examplecorp.test,Taylor Silva,jamie.dorsey@demomail.test,Riley Nguyen,Beta,100686,N,Gamma,rahul.ford@sampleco.test,Avery Ford,Y,8845,5038,4983,8238,N,,,,,Discussed timeline and next steps with the account.,,elena.patel@sampleco.test,,Followed up on the open items from last week.,chen.costa@acme-fake.test,riley.sato@acme-fake.test,N,,,,,,,,,2023-12-31 17:17:00,8419,5786,Alpha,Gamma,Gamma,Delta,3624,1690,6444,372,5188,Other,Jamie Garcia,Casey Costa,2024-11-29 06:05:00,,,,,,,,4297,,,,,,
700313,100661,Customer Management,100232,Customer Success Check-In,Draft,Y,N,Reviewed performance and gathered feedback.,100280,Omar Kim,Y,,1.3,7.2,100670,N,1.9,How likely are you to continue the engagement?,Very satisfied overall.,6.7,9.2,Alpha,Y,9.1,5.4,2.8,1.1,5.0,2.9,4.8,,,N,,100603,Avery Rossi,2025-09-03 07:13:00,jamie.calder@examplecorp.test,,2023-05-14 15:27:00,skyler.blake@demomail.test,,,,Elena Dorsey,morgan.cohen@acme-fake.test,Yara Calder,marco.dorsey@sampleco.test,Sofia Okafor,Beta,100190,Y,Alpha,fatima.mensah@examplecorp.test,Nina Vance,Y,4366,6549,3143,1071,N,,,,,Reviewed performance and gathered feedback.,,mei.cohen@demomail.test,,Shared the updated proposal for review.,jamie.sato@sampleco.test,drew.vance@acme-fake.test,N,,,,,Alpha,,,,2023-04-30 02:27:00,9846,7730,Alpha,Delta,Alpha,Beta,197,9921,3716,8689,8340,Alpha,Skyler Brooks,Jamie Kim,2024-03-23 16:07:00,,,,,,,,,,,,,,
700314,100377,Customer Management,100215,Wellness Check-In,Final,N,N,Noted a concern to revisit at the next sync.,100044,Elena Vance,N,,6.0,2.1,100185,N,1.1,How likely are you to continue the engagement?,"Going well, minor tweaks needed.",1.7,5.2,Alpha,N,9.5,2.3,5.7,1.7,2.0,6.2,7.0,,,Y,,100164,Riley Mensah,2024-03-24 11:15:00,liam.whitfield@demomail.test,,2024-03-15 22:10:00,jordan.mensah@demomail.test,Sofia Larsson,,,,taylor.rossi@acme-fake.test,Nina Vance,noah.blake@examplecorp.test,Arjun Ford,Standard,100722,Y,Alpha,fatima.brooks@demomail.test,Sofia Okafor,Y,7893,1411,560,4499,Y,,,,,Resolved the outstanding question about scope.,,avery.vance@demomail.test,,Aligned on billing and renewal terms.,marco.calder@sampleco.test,arjun.sato@acme-fake.test,Y,,,,,Alpha,,,,2025-11-05 15:50:00,9571,3271,Delta,Delta,Gamma,Delta,2484,3851,5337,5534,8294,Gamma,Jordan Dorsey,Aisha Haddad,2022-11-20 02:26:00,,,,,,,,,,,,,,
700315,100625,Customer Management,100477,Quarterly Review,Final,Y,Y,Followed up on the open items from last week.,100168,Omar Mercer,N,,6.8,6.0,100352,Y,1.1,How likely are you to continue the engagement?,Some concerns about turnaround time.,3.0,9.5,Gamma,Y,3.2,4.4,1.3,6.5,6.3,5.7,2.0,,,Y,,100429,Omar Brooks,2024-08-21 13:18:00,mei.ivanov@demomail.test,,2023-01-26 00:52:00,rowan.costa@acme-fake.test,,,Beta,,casey.nguyen@demomail.test,Fatima Haddad,sofia.ford@demomail.test,Fatima Ivanov,Beta,100056,Y,Other,emerson.costa@sampleco.test,Liam Nguyen,Y,7775,4305,8792,9322,Y,,,,,Noted a concern to revisit at the next sync.,,omar.cohen@demomail.test,,Noted a concern to revisit at the next sync.,rahul.vance@acme-fake.test,chen.vance@sampleco.test,Y,,,,,,Sofia Patel,,Alpha,2025-04-16 00:12:00,6267,5287,Alpha,Alpha,Standard,Gamma,466,3769,1496,5261,3663,Other,Noah Dorsey,Priya Ford,2024-09-03 08:16:00,,,,,,,,,,6044,,,,
700316,100641,Resource Care,100717,Wellness Check-In,Final,N,Y,Discussed timeline and next steps with the account.,100786,Sofia Ashby,Y,,3.5,2.8,100462,N,4.4,Any concerns we should address?,"Neutral, watching closely.",2.1,2.4,Standard,Y,3.1,6.8,6.0,6.3,6.7,5.0,4.9,,,N,,100576,Priya Brooks,2023-04-18 23:11:00,reese.rossi@sampleco.test,,2023-10-11 12:10:00,fatima.patel@sampleco.test,,,,,drew.larsson@sampleco.test,Noah Whitfield,emerson.garcia@acme-fake.test,Riley Costa,Gamma,100686,Y,Beta,jordan.cohen@examplecorp.test,Nina Sato,N,2116,2287,9360,1962,Y,,,,,Aligned on billing and renewal terms.,,sofia.silva@sampleco.test,,Shared the updated proposal for review.,riley.garcia@acme-fake.test,jordan.ivanov@examplecorp.test,N,Alpha,,,,Standard,,,Other,2024-12-23 19:34:00,4112,1329,Alpha,Beta,Delta,Standard,8956,9659,2235,9609,9996,Standard,Sofia Mercer,Sofia Nguyen,2023-03-03 16:10:00,,,,,,,,,,,,,,
700317,100148,Resource Care,100348,Wellness Check-In,Final,Y,Y,Noted a concern to revisit at the next sync.,100426,Taylor Larsson,Y,,9.4,3.1,100003,Y,5.2,How satisfied are you with the service?,Very satisfied overall.,2.1,9.5,Other,N,7.9,1.9,5.9,4.3,9.7,8.3,4.3,,,Y,,100408,Chen Rossi,2024-09-18 12:33:00,alex.vance@demomail.test,,2025-05-11 06:14:00,nina.blake@demomail.test,,,Standard,,jordan.silva@sampleco.test,Quinn Whitfield,liam.costa@sampleco.test,Casey Blake,Standard,100192,Y,Gamma,avery.mensah@acme-fake.test,Mei Kim,Y,8354,4151,9772,9592,Y,,,,Gamma,Resolved the outstanding question about scope.,,taylor.mensah@examplecorp.test,,Scheduled a check-in for the coming month.,riley.kim@demomail.test,omar.vance@sampleco.test,N,,Scheduled a check-in for the coming month.,Other,,,,,,2026-05-21 00:46:00,3355,9312,Alpha,Delta,Alpha,Alpha,8610,811,7087,5562,990,Beta,Marco Reyes,Drew Okafor,2024-02-11 14:36:00,,,,,,,,,,,,,,
700318,100793,Resource Care,100041,Wellness Check-In,Final,N,N,Shared the updated proposal for review.,100220,Reese Vance,Y,,3.7,4.4,100571,Y,4.4,How likely are you to continue the engagement?,"Going well, minor tweaks needed.",9.6,7.6,Standard,N,7.0,2.3,5.4,3.8,4.5,7.9,3.8,,,N,,100203,Avery Haddad,2025-01-21 17:06:00,mei.sato@examplecorp.test,,2026-06-07 20:33:00,omar.whitfield@acme-fake.test,Avery Ford,,,,sofia.costa@demomail.test,Rowan Calder,marco.mercer@demomail.test,Arjun Reyes,Gamma,100673,Y,Delta,noah.ford@acme-fake.test,Rowan Larsson,N,4736,3178,742,3098,Y,,,,,Aligned on billing and renewal terms.,,skyler.ford@examplecorp.test,,Discussed timeline and next steps with the account.,omar.whitfield@acme-fake.test,omar.kim@acme-fake.test,N,,,,,,,,,2024-04-19 04:27:00,8766,7707,Standard,Delta,Other,Gamma,6396,952,1818,868,1763,Gamma,Rowan Ashby,Rowan Okafor,2025-01-03 14:02:00,,,,,,,,,,,,,,Drew Garcia
700319,100012,Resource Care,100101,Wellness Check-In,Final,N,Y,Reviewed performance and gathered feedback.,100382,Sofia Cohen,Y,,5.4,8.1,100134,Y,4.9,Are deliverables meeting expectations?,Some concerns about turnaround time.,3.8,4.8,Alpha,N,2.3,2.3,7.0,1.9,8.9,6.3,3.4,,,N,,100513,Taylor Ford,2024-04-20 01:37:00,marco.ford@examplecorp.test,,2025-04-19 00:46:00,rahul.mercer@demomail.test,,,,Fatima Silva,alex.ford@acme-fake.test,Morgan Garcia,nina.larsson@acme-fake.test,Yara Kim,Standard,100025,Y,Standard,morgan.ford@acme-fake.test,Liam Reyes,N,7679,6554,6308,4885,Y,,,,,Shared the updated proposal for review.,,taylor.larsson@examplecorp.test,Alpha,Reviewed performance and gathered feedback.,elena.ashby@examplecorp.test,nina.kim@examplecorp.test,N,,,,,,,,,2023-12-21 08:35:00,3261,3257,Delta,Other,Other,Other,1232,2055,3,1325,2780,Other,Morgan Brooks,Elena Vance,2026-04-24 05:04:00,,,,,,,,,,,,,,
700320,100017,Resource Care,100473,Customer Success Check-In,Draft,Y,N,Discussed timeline and next steps with the account.,100712,Nina Mensah,N,,3.0,7.6,100656,N,1.9,How is communication with your team?,Some concerns about turnaround time.,5.3,4.6,Delta,N,5.6,6.1,5.7,6.9,4.7,9.8,2.4,,,Y,,100449,Sofia Calder,2023-12-24 19:39:00,sofia.silva@acme-fake.test,,2025-07-27 04:02:00,rowan.garcia@demomail.test,,,,,drew.mercer@sampleco.test,Omar Vance,fatima.okafor@acme-fake.test,Emerson Garcia,Standard,100208,Y,Other,chen.mensah@demomail.test,Diego Sato,Y,206,1067,2617,8417,N,,,,,Aligned on billing and renewal terms.,,liam.mensah@demomail.test,,Noted a concern to revisit at the next sync.,rahul.kim@examplecorp.test,morgan.ashby@demomail.test,N,,,Alpha,Gamma,,Drew Mercer,,,2025-06-01 07:40:00,8425,7847,Other,Delta,Standard,Standard,4243,7688,4302,4363,8438,Standard,Reese Brooks,Emerson Silva,2024-05-11 01:32:00,,,,,,,,,,,,,,
700321,100625,Resource Care,100613,Customer Success Check-In,Final,N,Y,Noted a concern to revisit at the next sync.,100457,Quinn Vance,Y,,1.5,4.7,100455,N,6.0,How is communication with your team?,Exceeding expectations.,3.1,9.5,Beta,Y,5.2,7.2,4.2,8.1,2.3,8.6,4.3,,,Y,,100738,Omar Ivanov,2023-10-21 02:38:00,rowan.whitfield@sampleco.test,,2026-04-04 18:23:00,drew.ashby@acme-fake.test,,,,,quinn.haddad@demomail.test,Diego Kim,elena.patel@demomail.test,Reese Sloan,Standard,100702,Y,Beta,noah.costa@demomail.test,Diego Patel,Y,5831,7021,3605,2876,Y,,Gamma,,,Reviewed performance and gathered feedback.,,arjun.ashby@acme-fake.test,,Resolved the outstanding question about scope.,skyler.rossi@acme-fake.test,fatima.kim@sampleco.test,N,,Reviewed performance and gathered feedback.,,Gamma,Alpha,,,Beta,2024-06-24 12:33:00,4287,9884,Other,Alpha,Alpha,Gamma,4412,2311,1272,1881,2104,Standard,Elena Dorsey,Morgan Okafor,2025-11-04 21:21:00,,,,,,,,,,,,,,
700322,100563,Resource Care,100195,Customer Success Check-In,Final,N,N,Resolved the outstanding question about scope.,100485,Liam Okafor,N,,5.4,2.4,100749,N,1.2,Are deliverables meeting expectations?,Some concerns about turnaround time.,4.0,5.8,Beta,Y,5.9,1.0,1.2,4.4,1.3,4.3,1.1,,,Y,,100184,Morgan Ford,2023-08-07 10:48:00,omar.patel@examplecorp.test,,2024-12-10 14:43:00,noah.cohen@acme-fake.test,,,Alpha,Elena Ford,riley.brooks@demomail.test,Jamie Larsson,emerson.dorsey@examplecorp.test,Emerson Rossi,Beta,100302,N,Gamma,mei.brooks@demomail.test,Elena Calder,N,2564,4912,3300,1887,N,,Other,,,Resolved the outstanding question about scope.,,marco.whitfield@examplecorp.test,,Followed up on the open items from last week.,noah.reyes@sampleco.test,nina.blake@sampleco.test,N,,,Alpha,Beta,,,,Beta,2024-06-06 08:46:00,6647,5366,Gamma,Gamma,Gamma,Alpha,386,3766,3167,6578,6667,Alpha,Sofia Mercer,Diego Brooks,2023-11-26 11:59:00,,,,,,,,,,,,,,
700323,100342,Resource Care,100334,Customer Success Check-In,Draft,Y,Y,Shared the updated proposal for review.,100715,Fatima Reyes,Y,,5.5,2.6,100543,N,7.3,How satisfied are you with the service?,Some concerns about turnaround time.,2.1,9.0,Alpha,Y,8.7,4.2,9.3,7.2,7.8,3.6,8.9,,,N,,100405,Quinn Garcia,2023-04-07 23:33:00,emerson.dorsey@sampleco.test,,2023-04-12 09:01:00,liam.haddad@examplecorp.test,Marco Rossi,,,,skyler.patel@examplecorp.test,Mei Ashby,morgan.ford@acme-fake.test,Emerson Garcia,Standard,100649,Y,Other,casey.dorsey@examplecorp.test,Arjun Sato,Y,7691,6362,6410,8614,N,,,,,Discussed timeline and next steps with the account.,,emerson.ashby@examplecorp.test,,Resolved the outstanding question about scope.,priya.mensah@demomail.test,rahul.kim@sampleco.test,Y,,,,Beta,,Noah Haddad,,,2023-05-05 06:45:00,550,807,Gamma,Gamma,Gamma,Beta,4315,3363,4356,4476,4098,Gamma,Chen Calder,Jordan Cohen,2022-12-10 10:57:00,,,,,,,,,,,,,,
700324,100238,Customer Management,100734,Customer Success Check-In,Final,N,Y,Aligned on billing and renewal terms.,100634,Reese Mensah,Y,,3.3,1.2,100136,Y,7.7,How is communication with your team?,"Neutral, watching closely.",3.5,2.0,Gamma,N,2.3,1.3,3.6,5.1,2.2,7.0,9.1,,,Y,,100040,Alex Blake,2024-10-05 10:58:00,reese.patel@sampleco.test,,2023-02-03 21:40:00,morgan.kim@demomail.test,,,,Nina Mensah,riley.whitfield@examplecorp.test,Marco Ashby,drew.brooks@demomail.test,Liam Ashby,Other,100103,Y,Alpha,nina.blake@acme-fake.test,Elena Calder,Y,4139,5572,8237,8205,N,,,,,Followed up on the open items from last week.,,priya.nguyen@examplecorp.test,,Followed up on the open items from last week.,aisha.blake@sampleco.test,morgan.larsson@acme-fake.test,N,,,,,,,,,2024-07-26 07:37:00,7529,1317,Other,Alpha,Delta,Standard,4952,283,8190,5284,7141,Alpha,Jamie Garcia,Jordan Patel,2024-12-07 15:33:00,,,,,,,,,,,,,,
700325,100759,Customer Management,100672,Customer Success Check-In,Final,Y,N,Noted a concern to revisit at the next sync.,100637,Fatima Okafor,Y,,1.9,2.4,100103,Y,9.7,How satisfied are you with the service?,Happy with the progress.,8.9,3.0,Alpha,Y,7.0,2.5,6.3,1.7,1.4,5.0,3.5,,,Y,,100452,Rowan Nguyen,2025-08-26 05:24:00,arjun.dorsey@examplecorp.test,,2022-12-07 14:47:00,priya.haddad@acme-fake.test,,,Other,,diego.brooks@demomail.test,Riley Calder,rahul.larsson@examplecorp.test,Alex Ivanov,Beta,100040,Y,Beta,riley.cohen@acme-fake.test,Avery Rossi,N,7552,9779,3620,8665,Y,,,,,Discussed timeline and next steps with the account.,,casey.nguyen@sampleco.test,,Reviewed performance and gathered feedback.,skyler.garcia@acme-fake.test,rahul.vance@acme-fake.test,N,,,Delta,,,,,,2026-05-27 21:36:00,709,2281,Gamma,Delta,Gamma,Other,5081,9114,7041,7605,9879,Standard,Fatima Reyes,Diego Mensah,2023-06-24 10:27:00,,,,,,,,,,,,,,
700326,100262,Customer Management,100554,Quarterly Review,Draft,Y,Y,Noted a concern to revisit at the next sync.,100142,Jamie Costa,Y,,5.4,5.6,100532,Y,5.1,How satisfied are you with the service?,Happy with the progress.,6.4,3.5,Alpha,N,9.9,9.5,6.8,4.5,3.9,8.6,8.0,,,N,,100543,Priya Mercer,2024-10-30 15:23:00,liam.dorsey@sampleco.test,,2026-04-25 13:46:00,mei.sato@examplecorp.test,,,,Rowan Kim,noah.garcia@examplecorp.test,Marco Larsson,aisha.vance@sampleco.test,Rahul Whitfield,Standard,100265,N,Gamma,priya.whitfield@examplecorp.test,Marco Haddad,N,5461,2854,3123,1512,Y,,,,,Scheduled a check-in for the coming month.,,morgan.cohen@examplecorp.test,,Scheduled a check-in for the coming month.,morgan.blake@sampleco.test,arjun.mensah@acme-fake.test,Y,,,,,,Arjun Brooks,Beta,,2024-02-13 03:10:00,681,4049,Other,Gamma,Beta,Alpha,2844,1548,6041,935,9463,Other,Aisha Calder,Fatima Patel,2026-06-13 03:01:00,,,,,,,,,,,,,,
700327,100113,Resource Care,100722,Quarterly Review,Final,Y,N,Scheduled a check-in for the coming month.,100601,Quinn Reyes,Y,,8.9,9.0,100016,N,6.8,How likely are you to continue the engagement?,Some concerns about turnaround time.,5.8,2.2,Beta,Y,1.3,9.3,8.6,9.7,6.8,9.1,7.1,,,N,,100467,Morgan Cohen,2026-05-08 11:41:00,nina.silva@demomail.test,,2024-02-09 11:57:00,emerson.blake@acme-fake.test,,,Alpha,Diego Rossi,taylor.sloan@acme-fake.test,Diego Costa,morgan.kim@sampleco.test,Nina Mercer,Delta,100464,Y,Beta,skyler.garcia@acme-fake.test,Drew Rossi,Y,8644,8627,6326,8493,Y,,,,,Followed up on the open items from last week.,Arjun Reyes,yara.sloan@examplecorp.test,,Resolved the outstanding question about scope.,reese.mensah@acme-fake.test,rowan.vance@examplecorp.test,Y,,,Beta,,Other,Jamie Ivanov,,Gamma,2024-04-04 02:06:00,7000,772,Delta,Alpha,Other,Beta,8287,795,2795,1778,4397,Alpha,Yara Mercer,Jordan Ivanov,2022-12-07 13:49:00,,,,,,,,,,,,,,
700328,100239,Resource Care,100142,Wellness Check-In,Final,N,Y,Reviewed performance and gathered feedback.,100772,Sofia Blake,N,,5.2,7.1,100314,N,5.0,Are deliverables meeting expectations?,"Going well, minor tweaks needed.",6.2,6.0,Delta,N,5.0,2.9,4.8,8.2,6.6,6.1,5.7,,,N,,100113,Noah Mercer,2026-05-14 04:18:00,liam.patel@demomail.test,,2024-02-08 20:24:00,nina.mensah@demomail.test,,,,Liam Rossi,sofia.silva@sampleco.test,Taylor Brooks,liam.nguyen@demomail.test,Reese Cohen,Standard,100005,N,Standard,diego.whitfield@examplecorp.test,Rowan Mercer,Y,6009,6409,1717,5483,Y,,,,,Scheduled a check-in for the coming month.,,aisha.calder@acme-fake.test,,Resolved the outstanding question about scope.,rahul.okafor@acme-fake.test,skyler.sloan@acme-fake.test,Y,Other,,,,,,,,2025-01-06 04:44:00,1396,7263,Standard,Standard,Gamma,Standard,4276,3227,9916,2412,6003,Delta,Arjun Mensah,Priya Haddad,2025-11-06 01:07:00,,,,,,,,,,,,,,
700329,100037,Customer Management,100305,Wellness Check-In,Final,N,Y,Reviewed performance and gathered feedback.,100708,Jamie Patel,Y,,7.7,2.4,100582,Y,9.5,How is communication with your team?,Very satisfied overall.,7.4,6.8,Other,N,8.4,5.4,7.8,6.6,2.5,7.4,1.3,,,N,,100753,Emerson Vance,2024-11-22 04:29:00,drew.sloan@sampleco.test,,2024-10-26 22:58:00,priya.nguyen@demomail.test,Taylor Calder,,,,arjun.haddad@acme-fake.test,Jordan Nguyen,nina.dorsey@sampleco.test,Priya Mensah,Gamma,100479,Y,Gamma,jordan.okafor@examplecorp.test,Rowan Ashby,N,641,1408,1292,2238,Y,,,,,Aligned on billing and renewal terms.,,riley.reyes@sampleco.test,,Scheduled a check-in for the coming month.,quinn.ivanov@acme-fake.test,fatima.cohen@sampleco.test,N,,,,,,Casey Silva,,,2024-04-08 07:58:00,8985,1800,Standard,Delta,Gamma,Beta,2900,5611,6156,1184,2069,Delta,Reese Rossi,Arjun Whitfield,2024-04-25 06:07:00,,,Gamma,,,Delta,,,,,,,,
700330,100753,Resource Care,100532,Customer Success Check-In,Final,N,Y,Discussed timeline and next steps with the account.,100481,Chen Larsson,Y,,5.9,1.5,100792,N,5.5,Any concerns we should address?,Very satisfied overall.,7.0,3.7,Alpha,Y,1.1,3.1,3.6,1.8,3.8,1.6,3.7,,,N,,100012,Yara Patel,2023-06-28 00:34:00,aisha.blake@sampleco.test,,2023-07-27 21:29:00,yara.kim@acme-fake.test,,,Beta,,chen.nguyen@acme-fake.test,Casey Vance,rahul.silva@examplecorp.test,Aisha Mercer,Delta,100474,N,Gamma,omar.garcia@demomail.test,Jordan Cohen,Y,8130,665,6186,4984,Y,,,,,Reviewed performance and gathered feedback.,,rahul.ashby@acme-fake.test,,Reviewed performance and gathered feedback.,marco.larsson@acme-fake.test,nina.sloan@sampleco.test,Y,,,Standard,Alpha,,,,,2025-05-20 12:51:00,3593,6736,Gamma,Other,Beta,Alpha,4341,2490,6274,2741,9327,Delta,Reese Brooks,Marco Ivanov,2023-03-03 22:15:00,,,,,,,,,,,,,,
700331,100654,Resource Care,100686,Customer Success Check-In,Final,Y,Y,Reviewed performance and gathered feedback.,100060,Emerson Brooks,Y,,1.8,9.2,100122,Y,3.1,Any concerns we should address?,Happy with the progress.,2.6,1.2,Alpha,Y,6.0,9.4,3.6,7.8,1.9,6.6,6.4,,,N,,100122,Rowan Garcia,2023-05-01 15:01:00,taylor.silva@sampleco.test,,2025-01-10 17:35:00,arjun.kim@examplecorp.test,,,,,yara.sato@sampleco.test,Sofia Whitfield,drew.vance@examplecorp.test,Quinn Haddad,Gamma,100596,Y,Standard,quinn.costa@examplecorp.test,Skyler Blake,Y,9805,4103,8950,9914,Y,,,,,Discussed timeline and next steps with the account.,,diego.vance@acme-fake.test,,Resolved the outstanding question about scope.,omar.ivanov@acme-fake.test,yara.vance@demomail.test,N,Beta,Resolved the outstanding question about scope.,Delta,,,Avery Calder,Delta,,2024-06-04 10:45:00,794,8928,Standard,Delta,Gamma,Gamma,4324,5387,2487,3638,3675,Gamma,Mei Reyes,Aisha Rossi,2025-12-30 03:22:00,,,Beta,,,,,,,,8836,,,
700332,100585,Resource Care,100767,Wellness Check-In,Final,N,N,Aligned on billing and renewal terms.,100042,Riley Costa,Y,,9.1,6.2,100197,N,6.8,How is communication with your team?,"Going well, minor tweaks needed.",8.0,1.4,Beta,N,2.7,9.9,7.3,8.1,3.9,7.7,2.8,,,N,,100738,Jamie Mensah,2024-10-08 21:03:00,yara.whitfield@sampleco.test,,2025-09-22 17:06:00,nina.mensah@sampleco.test,,,,Aisha Sloan,omar.costa@sampleco.test,Chen Reyes,reese.blake@demomail.test,Priya Ashby,Delta,100063,N,Standard,arjun.rossi@examplecorp.test,Sofia Larsson,Y,7748,7397,5244,3533,Y,,,,,Noted a concern to revisit at the next sync.,,nina.silva@sampleco.test,,Scheduled a check-in for the coming month.,elena.okafor@examplecorp.test,marco.vance@demomail.test,N,,,Delta,,,,,,2024-12-09 15:54:00,9305,7638,Other,Alpha,Beta,Standard,3674,5999,5171,7501,5372,Gamma,Skyler Silva,Rowan Ivanov,2024-10-02 17:13:00,,,,,,,,,,,,,,
700333,100290,Customer Management,100126,Wellness Check-In,Final,N,N,Reviewed performance and gathered feedback.,100182,Mei Costa,Y,,6.8,9.5,100313,Y,3.8,How satisfied are you with the service?,"Going well, minor tweaks needed.",4.5,7.6,Other,Y,6.9,1.4,9.9,6.3,1.2,1.9,6.4,,,Y,,100371,Diego Larsson,2023-09-29 09:11:00,arjun.mercer@acme-fake.test,,2023-11-04 22:24:00,noah.cohen@demomail.test,Taylor Brooks,,,,omar.dorsey@examplecorp.test,Jamie Patel,sofia.brooks@examplecorp.test,Taylor Dorsey,Beta,100738,Y,Standard,omar.mensah@examplecorp.test,Riley Nguyen,N,96,8574,6736,3090,N,,,,Standard,Resolved the outstanding question about scope.,,noah.rossi@sampleco.test,,Discussed timeline and next steps with the account.,skyler.brooks@sampleco.test,jamie.vance@acme-fake.test,N,,,,,,,,,2023-11-15 23:54:00,3746,9845,Gamma,Standard,Beta,Beta,9567,7582,1078,367,5033,Alpha,Yara Sloan,Riley Ashby,2023-06-08 11:23:00,510,,,,,,,,,,,,Casey Larsson,
700334,100069,Resource Care,100548,Wellness Check-In,Final,N,N,Noted a concern to revisit at the next sync.,100596,Liam Cohen,N,,9.9,8.8,100370,N,3.9,How likely are you to continue the engagement?,Happy with the progress.,5.0,8.2,Other,N,3.8,8.2,4.0,3.1,8.7,2.1,5.9,,,Y,,100664,Reese Cohen,2023-11-24 06:58:00,elena.ivanov@demomail.test,,2025-10-17 14:42:00,marco.nguyen@examplecorp.test,,,,,quinn.mercer@examplecorp.test,Nina Rossi,elena.kim@demomail.test,Chen Costa,Delta,100535,Y,Gamma,fatima.kim@sampleco.test,Noah Costa,N,8086,5670,9927,2678,Y,,,,,Reviewed performance and gathered feedback.,,aisha.mercer@sampleco.test,,Reviewed performance and gathered feedback.,jamie.dorsey@examplecorp.test,chen.nguyen@sampleco.test,Y,,,,Other,,,,,2026-05-09 16:52:00,4906,3156,Gamma,Beta,Other,Delta,6878,3244,1100,2946,5957,Beta,Sofia Okafor,Diego Blake,2025-12-27 00:46:00,,,,,Beta,,,,,,,,,
700335,100681,Resource Care,100034,Wellness Check-In,Final,N,Y,Discussed timeline and next steps with the account.,100331,Rahul Whitfield,N,,8.0,8.6,100597,N,2.8,How likely are you to continue the engagement?,Very satisfied overall.,2.1,1.7,Delta,Y,9.9,4.2,6.8,1.2,7.3,7.3,4.3,,,N,,100153,Avery Reyes,2023-08-31 05:12:00,rahul.reyes@acme-fake.test,,2026-07-17 06:33:00,yara.calder@acme-fake.test,Morgan Dorsey,,,,yara.haddad@examplecorp.test,Marco Ivanov,diego.mercer@demomail.test,Sofia Calder,Alpha,100203,N,Standard,morgan.okafor@demomail.test,Avery Cohen,N,9880,886,6055,7941,Y,,,,,Scheduled a check-in for the coming month.,,jamie.calder@sampleco.test,,Resolved the outstanding question about scope.,jamie.patel@examplecorp.test,nina.garcia@examplecorp.test,Y,,Scheduled a check-in for the coming month.,Other,,,,Delta,,2024-11-20 05:19:00,8831,6163,Beta,Alpha,Alpha,Alpha,3782,6071,9007,7725,8221,Other,Aisha Ashby,Jordan Calder,2025-04-18 05:06:00,,,,,,,,,,,,,,
700336,100582,Customer Management,100142,Customer Success Check-In,Final,N,N,Followed up on the open items from last week.,100782,Omar Calder,Y,,5.5,5.8,100251,Y,2.2,How is communication with your team?,Exceeding expectations.,5.2,7.0,Gamma,Y,2.0,9.7,1.5,6.8,6.4,9.9,7.7,,,Y,,100631,Sofia Calder,2024-08-08 04:55:00,alex.sato@examplecorp.test,,2024-05-14 22:26:00,alex.ford@acme-fake.test,,,,,noah.whitfield@sampleco.test,Avery Okafor,riley.patel@demomail.test,Skyler Kim,Beta,100615,N,Beta,mei.haddad@examplecorp.test,Omar Mensah,N,6941,9967,7419,2368,N,,,,,Discussed timeline and next steps with the account.,,riley.cohen@demomail.test,,Shared the updated proposal for review.,emerson.costa@demomail.test,riley.reyes@acme-fake.test,N,,,,,,,,,2024-10-19 22:40:00,2811,4055,Standard,Gamma,Other,Beta,5040,3621,8639,8425,297,Standard,Omar Dorsey,Skyler Haddad,2023-09-06 20:45:00,,,,,Gamma,,,,,,,Other,,
700337,100786,Customer Management,100554,Wellness Check-In,Final,N,Y,Reviewed performance and gathered feedback.,100120,Casey Blake,N,,1.8,5.1,100542,Y,7.8,How satisfied are you with the service?,Some concerns about turnaround time.,6.5,7.9,Other,N,6.1,7.0,6.4,1.5,7.2,6.5,4.3,,,Y,,100494,Chen Blake,2026-02-06 15:04:00,taylor.patel@demomail.test,,2024-12-22 11:15:00,marco.kim@demomail.test,,,,Yara Sato,diego.whitfield@examplecorp.test,Jamie Blake,rowan.mercer@examplecorp.test,Noah Costa,Delta,100395,N,Alpha,marco.ford@examplecorp.test,Fatima Patel,N,622,6424,4367,9145,N,,,,,Resolved the outstanding question about scope.,Quinn Larsson,marco.reyes@acme-fake.test,,Shared the updated proposal for review.,elena.reyes@demomail.test,elena.dorsey@examplecorp.test,Y,Delta,,,,,,,Delta,2023-11-23 17:25:00,8131,4060,Alpha,Standard,Beta,Alpha,2072,2597,5272,4059,4266,Delta,Yara Calder,Marco Kim,2025-01-02 16:32:00,,,,Standard,,,,,,,,,,
700338,100628,Resource Care,100588,Customer Success Check-In,Draft,Y,N,Shared the updated proposal for review.,100328,Yara Ford,N,,2.1,5.8,100119,N,4.1,How is communication with your team?,"Going well, minor tweaks needed.",4.6,6.9,Gamma,Y,8.0,6.1,7.2,8.6,7.1,3.1,6.9,,,N,,100426,Chen Vance,2023-09-11 02:19:00,liam.rossi@examplecorp.test,,2024-11-08 06:47:00,taylor.rossi@demomail.test,,,,Sofia Whitfield,mei.okafor@acme-fake.test,Casey Kim,casey.larsson@examplecorp.test,Drew Nguyen,Other,100086,Y,Beta,quinn.mercer@examplecorp.test,Avery Ivanov,N,9494,8651,3235,526,N,,,,,Shared the updated proposal for review.,Avery Dorsey,reese.garcia@examplecorp.test,,Scheduled a check-in for the coming month.,jordan.mercer@sampleco.test,aisha.larsson@demomail.test,Y,Gamma,,,,Beta,Yara Ashby,Delta,Standard,2026-07-19 05:12:00,6193,8139,Other,Alpha,Alpha,Delta,9041,1441,6569,3362,8302,Standard,Chen Larsson,Nina Mercer,2025-06-28 16:08:00,,,,,,,,,,,,,,
700339,100097,Customer Management,100803,Customer Success Check-In,Draft,N,N,Aligned on billing and renewal terms.,100596,Rowan Calder,Y,,5.0,1.3,100771,Y,8.9,Any concerns we should address?,Exceeding expectations.,9.4,2.4,Other,Y,3.9,3.0,3.8,8.0,5.2,2.4,2.2,,,Y,,100403,Yara Brooks,2026-02-07 14:34:00,aisha.garcia@examplecorp.test,,2026-06-12 08:34:00,aisha.costa@demomail.test,,,Beta,,taylor.dorsey@sampleco.test,Drew Mensah,emerson.ivanov@examplecorp.test,Chen Haddad,Delta,100386,N,Beta,noah.ivanov@examplecorp.test,Avery Vance,Y,9456,8154,8724,122,N,,,,,Followed up on the open items from last week.,,drew.ashby@acme-fake.test,,Shared the updated proposal for review.,arjun.sato@acme-fake.test,chen.kim@examplecorp.test,Y,,,,Gamma,Other,Omar Patel,,Beta,2026-02-02 02:57:00,5071,3858,Gamma,Beta,Beta,Other,1916,7684,6436,3869,9391,Standard,Casey Okafor,Priya Brooks,2023-06-01 04:04:00,,,Gamma,Other,,,,,,,,,,
700340,100551,Resource Care,100516,Customer Success Check-In,Final,N,N,Noted a concern to revisit at the next sync.,100523,Omar Silva,Y,,4.9,8.2,100522,N,9.6,How likely are you to continue the engagement?,Happy with the progress.,6.0,6.1,Standard,Y,8.5,4.7,3.4,5.3,5.7,7.0,9.7,,,Y,,100086,Riley Brooks,2026-02-15 11:38:00,casey.reyes@examplecorp.test,,2023-01-07 13:51:00,emerson.patel@examplecorp.test,Noah Patel,,,,reese.haddad@sampleco.test,Morgan Calder,sofia.calder@sampleco.test,Sofia Costa,Standard,100622,Y,Other,casey.cohen@acme-fake.test,Casey Garcia,Y,881,7263,7834,6516,N,,,,,Reviewed performance and gathered feedback.,,priya.reyes@acme-fake.test,,Noted a concern to revisit at the next sync.,jordan.sloan@demomail.test,rahul.haddad@acme-fake.test,N,,Shared the updated proposal for review.,,Other,,,,,2025-05-06 10:22:00,2993,4348,Standard,Other,Other,Delta,7366,4258,26,921,5143,Gamma,Emerson Sloan,Skyler Silva,2025-11-05 11:49:00,,,,,,,,,,,,,,
700341,100232,Customer Management,100234,Quarterly Review,Final,N,Y,Followed up on the open items from last week.,100503,Yara Whitfield,N,,4.5,8.9,100319,Y,1.5,How satisfied are you with the service?,Happy with the progress.,1.6,8.4,Standard,Y,5.7,9.7,2.1,2.2,4.3,9.0,6.6,,,Y,,100079,Taylor Garcia,2022-10-27 00:39:00,drew.reyes@acme-fake.test,,2025-01-28 12:18:00,rowan.nguyen@examplecorp.test,,,,,liam.kim@sampleco.test,Marco Garcia,arjun.ivanov@examplecorp.test,Riley Garcia,Delta,100497,Y,Delta,morgan.costa@demomail.test,Rahul Ashby,Y,2915,6310,5567,4347,Y,,,,,Resolved the outstanding question about scope.,,alex.dorsey@examplecorp.test,,Noted a concern to revisit at the next sync.,yara.costa@demomail.test,avery.nguyen@demomail.test,N,Standard,,Other,,,,,,2025-07-31 05:12:00,740,4233,Standard,Other,Alpha,Standard,7553,6614,4039,2723,479,Beta,Avery Sloan,Skyler Mercer,2023-04-21 19:57:00,,,,,,,,,,,,,,
700342,100658,Resource Care,100005,Quarterly Review,Final,Y,N,Discussed timeline and next steps with the account.,100746,Omar Sloan,N,,5.7,6.7,100511,N,1.7,How satisfied are you with the service?,"Going well, minor tweaks needed.",3.1,8.2,Standard,N,6.1,6.9,8.0,1.0,8.2,3.3,6.7,,,N,,100552,Avery Mercer,2025-06-26 01:00:00,sofia.reyes@sampleco.test,,2026-02-23 03:23:00,elena.nguyen@sampleco.test,,,,Alex Sloan,chen.ivanov@examplecorp.test,Quinn Blake,fatima.costa@examplecorp.test,Taylor Ashby,Beta,100408,Y,Other,morgan.silva@sampleco.test,Rahul Sato,Y,3964,7048,9748,1853,N,,,,,Aligned on billing and renewal terms.,,mei.cohen@acme-fake.test,,Aligned on billing and renewal terms.,rowan.mercer@examplecorp.test,emerson.nguyen@acme-fake.test,Y,Beta,,,,Standard,,,,2025-02-18 08:13:00,2664,1062,Standard,Standard,Delta,Beta,6683,5926,6684,2192,5917,Beta,Omar Silva,Yara Blake,2023-09-12 07:22:00,,,,,,,,,,,,,,
700343,100143,Resource Care,100539,Wellness Check-In,Final,N,Y,Scheduled a check-in for the coming month.,100607,Jordan Costa,Y,,1.0,4.8,100090,Y,6.4,Are deliverables meeting expectations?,Some concerns about turnaround time.,7.3,8.8,Beta,Y,1.7,8.8,5.4,2.3,7.6,7.4,9.8,,,Y,,100383,Rowan Whitfield,2024-03-12 08:26:00,omar.ivanov@acme-fake.test,,2025-09-19 03:28:00,diego.patel@sampleco.test,,,,,marco.silva@acme-fake.test,Drew Blake,noah.reyes@examplecorp.test,Nina Mensah,Delta,100546,N,Gamma,chen.rossi@examplecorp.test,Jordan Patel,N,486,6225,7922,8416,Y,,Beta,,,Shared the updated proposal for review.,,reese.costa@acme-fake.test,,Aligned on billing and renewal terms.,fatima.larsson@sampleco.test,aisha.ashby@sampleco.test,N,,Noted a concern to revisit at the next sync.,,,Alpha,,,,2024-12-27 12:59:00,721,5852,Beta,Standard,Gamma,Alpha,1005,2455,4062,5892,1646,Other,Priya Reyes,Marco Vance,2023-07-17 07:34:00,,,,,,,,,,,,,,
700344,100374,Customer Management,100591,Customer Success Check-In,Final,Y,Y,Shared the updated proposal for review.,100615,Sofia Dorsey,Y,,1.7,6.4,100220,Y,3.3,How likely are you to continue the engagement?,Exceeding expectations.,1.3,2.1,Delta,Y,3.0,2.2,3.8,2.1,1.3,4.2,2.5,,,N,,100331,Aisha Blake,2026-05-23 14:43:00,avery.garcia@sampleco.test,,2024-07-02 20:29:00,liam.nguyen@demomail.test,,,,,yara.larsson@acme-fake.test,Omar Kim,emerson.dorsey@demomail.test,Quinn Rossi,Alpha,100090,Y,Alpha,marco.sato@sampleco.test,Priya Brooks,N,4658,3784,4422,593,N,,,,,Noted a concern to revisit at the next sync.,,noah.reyes@examplecorp.test,,Aligned on billing and renewal terms.,liam.garcia@acme-fake.test,marco.sloan@sampleco.test,Y,Other,Followed up on the open items from last week.,,,,,,,2026-05-27 09:01:00,6086,6363,Beta,Other,Other,Other,2101,340,5476,4406,6266,Alpha,Drew Kim,Fatima Sloan,2024-02-06 23:29:00,,,,,,,,,,,,,,
700345,100403,Customer Management,100664,Quarterly Review,Final,Y,N,Followed up on the open items from last week.,100015,Yara Mensah,N,,4.6,1.8,100548,Y,6.1,How satisfied are you with the service?,"Neutral, watching closely.",8.8,3.0,Beta,N,8.5,8.8,2.5,8.9,4.1,2.3,6.6,,,Y,,100099,Omar Garcia,2025-01-24 04:06:00,elena.okafor@demomail.test,,2025-10-11 21:56:00,quinn.haddad@examplecorp.test,,,,Marco Blake,quinn.reyes@demomail.test,Jamie Patel,emerson.haddad@sampleco.test,Drew Vance,Standard,100535,Y,Standard,mei.kim@acme-fake.test,Avery Patel,Y,2840,8630,2560,982,Y,,,,,Shared the updated proposal for review.,,chen.rossi@acme-fake.test,,Discussed timeline and next steps with the account.,jamie.rossi@sampleco.test,quinn.mensah@acme-fake.test,Y,Beta,,,,,,Standard,Beta,2024-11-09 00:00:00,6068,8907,Standard,Alpha,Alpha,Standard,276,1483,69,1290,3107,Beta,Omar Silva,Marco Vance,2023-06-15 01:40:00,,,,,,,,,,,,,,
700346,100134,Customer Management,100734,Quarterly Review,Final,N,Y,Shared the updated proposal for review.,100661,Chen Nguyen,N,,3.8,9.8,100205,N,1.4,How satisfied are you with the service?,Very satisfied overall.,2.7,6.6,Delta,Y,4.1,9.8,3.0,2.9,5.2,8.5,8.8,,,N,,100079,Quinn Ashby,2023-02-03 12:00:00,reese.vance@sampleco.test,,2025-07-18 17:58:00,priya.costa@examplecorp.test,,,,Yara Ford,drew.mensah@acme-fake.test,Diego Rossi,omar.calder@acme-fake.test,Yara Reyes,Beta,100440,N,Other,priya.sloan@demomail.test,Drew Mercer,Y,7130,7672,5500,2975,Y,,,,,Reviewed performance and gathered feedback.,,drew.silva@acme-fake.test,,Noted a concern to revisit at the next sync.,morgan.silva@examplecorp.test,marco.ivanov@demomail.test,N,,Resolved the outstanding question about scope.,,,Alpha,,,,2024-10-06 00:29:00,8727,3123,Other,Delta,Alpha,Other,9933,3336,1056,9932,7776,Alpha,Jordan Vance,Arjun Vance,2025-11-05 15:39:00,,,,,,,,,,,,,,Arjun Silva
700347,100223,Customer Management,100661,Quarterly Review,Final,N,N,Noted a concern to revisit at the next sync.,100239,Yara Ivanov,N,,4.7,4.1,100254,N,8.3,Any concerns we should address?,Some concerns about turnaround time.,2.6,6.9,Gamma,N,7.6,2.4,2.8,6.9,5.3,7.7,7.6,,,Y,,100203,Omar Silva,2025-02-04 13:10:00,morgan.brooks@demomail.test,,2024-12-03 18:26:00,emerson.ivanov@acme-fake.test,Emerson Rossi,,,Diego Calder,aisha.rossi@demomail.test,Morgan Calder,jamie.sato@sampleco.test,Emerson Sato,Alpha,100694,N,Other,chen.silva@demomail.test,Noah Garcia,Y,1423,9200,3076,6647,Y,,,,,Resolved the outstanding question about scope.,,elena.ashby@sampleco.test,,Discussed timeline and next steps with the account.,diego.kim@acme-fake.test,aisha.kim@demomail.test,N,,Reviewed performance and gathered feedback.,,,,,,,2026-04-14 08:50:00,6687,1276,Other,Alpha,Standard,Other,7229,7726,1864,3424,7070,Delta,Chen Mensah,Sofia Brooks,2024-10-28 06:30:00,,,,,,,,,,,,,,
700348,100286,Resource Care,100548,Quarterly Review,Final,N,Y,Followed up on the open items from last week.,100234,Morgan Dorsey,Y,,5.9,1.8,100543,N,1.9,Are deliverables meeting expectations?,"Going well, minor tweaks needed.",6.2,5.6,Beta,Y,2.7,4.3,1.9,1.0,4.0,3.2,4.4,,,N,,100213,Morgan Rossi,2025-02-15 02:18:00,morgan.ashby@sampleco.test,,2022-11-16 11:59:00,avery.ashby@demomail.test,,,,,sofia.calder@acme-fake.test,Elena Cohen,rahul.haddad@sampleco.test,Priya Ivanov,Delta,100469,Y,Beta,diego.haddad@sampleco.test,Chen Cohen,N,4560,9395,2051,9425,Y,,,,,Noted a concern to revisit at the next sync.,,avery.okafor@acme-fake.test,,Shared the updated proposal for review.,rahul.reyes@examplecorp.test,taylor.silva@sampleco.test,Y,,Resolved the outstanding question about scope.,Standard,Other,Beta,,,,2026-01-31 00:50:00,7115,1695,Alpha,Gamma,Beta,Alpha,2307,7549,9075,7175,1616,Standard,Quinn Calder,Rahul Ivanov,2025-04-19 18:54:00,,,,,,,,,,,,,,
700349,100120,Resource Care,100511,Customer Success Check-In,Final,N,N,Reviewed performance and gathered feedback.,100509,Rowan Garcia,N,,8.5,7.4,100744,Y,4.3,How likely are you to continue the engagement?,"Neutral, watching closely.",8.8,9.3,Standard,Y,9.3,7.1,1.5,1.5,4.2,5.7,6.4,,,N,,100348,Avery Rossi,2023-10-25 22:39:00,avery.silva@sampleco.test,,2025-09-08 20:34:00,alex.costa@examplecorp.test,Quinn Larsson,,Other,Emerson Kim,omar.rossi@examplecorp.test,Skyler Ford,sofia.calder@sampleco.test,Jamie Larsson,Beta,100117,N,Beta,jamie.okafor@demomail.test,Fatima Brooks,N,2480,6690,2674,9426,Y,,,,,Reviewed performance and gathered feedback.,,rahul.ford@demomail.test,,Shared the updated proposal for review.,rahul.ford@examplecorp.test,morgan.blake@demomail.test,N,,,Other,Gamma,Delta,,,Standard,2026-05-27 02:17:00,9059,5736,Other,Beta,Beta,Alpha,7104,6175,1164,5628,1779,Delta,Liam Rossi,Marco Sloan,2023-12-29 13:05:00,,,,,,,,,,,6248,,,
700350,100075,Resource Care,100637,Quarterly Review,Draft,Y,N,Scheduled a check-in for the coming month.,100391,Mei Sato,Y,,7.1,2.2,100156,Y,3.9,How likely are you to continue the engagement?,Very satisfied overall.,3.6,5.6,Alpha,Y,7.4,1.9,6.8,9.6,5.2,7.6,7.0,,,N,,100293,Rowan Larsson,2025-12-13 05:13:00,morgan.mercer@acme-fake.test,,2026-06-18 20:03:00,chen.whitfield@demomail.test,,,,,liam.blake@sampleco.test,Fatima Calder,casey.nguyen@acme-fake.test,Yara Sato,Beta,100031,Y,Beta,omar.mercer@demomail.test,Noah Costa,Y,4904,5005,2079,6112,N,Alpha,,,,Resolved the outstanding question about scope.,,jordan.calder@examplecorp.test,,Resolved the outstanding question about scope.,jordan.reyes@sampleco.test,noah.whitfield@demomail.test,Y,,Aligned on billing and renewal terms.,,,Gamma,Rahul Silva,,Standard,2022-10-22 23:22:00,9133,6554,Beta,Delta,Delta,Delta,9765,1922,6416,9470,500,Delta,Yara Calder,Mei Nguyen,2023-12-02 08:13:00,7236,,,,,,,,,,,,,
700351,100598,Customer Management,100020,Customer Success Check-In,Final,Y,N,Discussed timeline and next steps with the account.,100552,Aisha Patel,Y,,6.8,6.3,100531,N,8.2,How likely are you to continue the engagement?,"Neutral, watching closely.",3.9,8.6,Standard,N,9.6,5.1,4.5,5.1,1.3,9.0,9.6,,,Y,,100408,Fatima Whitfield,2024-10-22 23:03:00,morgan.whitfield@acme-fake.test,,2022-10-03 13:55:00,priya.nguyen@examplecorp.test,,,,Diego Rossi,nina.rossi@examplecorp.test,Sofia Dorsey,yara.okafor@sampleco.test,Sofia Cohen,Alpha,100634,N,Alpha,jordan.dorsey@examplecorp.test,Priya Cohen,N,3955,779,2429,7531,N,,,,,Noted a concern to revisit at the next sync.,,quinn.sloan@demomail.test,,Discussed timeline and next steps with the account.,marco.vance@acme-fake.test,elena.silva@examplecorp.test,Y,,,,,,Emerson Kim,,,2024-07-08 12:56:00,3511,2103,Standard,Beta,Alpha,Other,2264,3415,8579,5156,1694,Standard,Sofia Silva,Chen Mercer,2023-03-26 00:10:00,,,,,,,,,,,,,,
700352,100164,Customer Management,100046,Quarterly Review,Final,Y,N,Discussed timeline and next steps with the account.,100506,Taylor Sloan,N,,6.6,6.4,100789,N,4.5,Any concerns we should address?,"Going well, minor tweaks needed.",4.6,1.1,Beta,N,4.3,3.0,9.1,4.3,9.4,8.8,5.6,,,Y,,100257,Rahul Ashby,2025-01-12 16:06:00,nina.blake@sampleco.test,,2024-06-20 16:29:00,sofia.vance@examplecorp.test,,,,,avery.nguyen@sampleco.test,Jamie Whitfield,arjun.kim@demomail.test,Avery Reyes,Standard,100742,N,Alpha,taylor.haddad@demomail.test,Avery Vance,N,7471,7696,1925,9445,Y,,,,,Aligned on billing and renewal terms.,,elena.vance@examplecorp.test,,Aligned on billing and renewal terms.,reese.haddad@examplecorp.test,jordan.silva@examplecorp.test,N,,,Gamma,Standard,Other,,,Standard,2024-01-14 17:51:00,926,4228,Standard,Beta,Beta,Standard,1208,4,261,4213,5161,Gamma,Alex Costa,Emerson Mensah,2023-10-08 03:38:00,,,Other,,,,,,,,,,,
700353,100353,Resource Care,100389,Wellness Check-In,Final,Y,Y,Noted a concern to revisit at the next sync.,100383,Taylor Ivanov,N,,8.0,5.2,100376,N,7.1,How satisfied are you with the service?,Exceeding expectations.,5.3,6.6,Gamma,Y,1.1,3.1,9.6,9.7,3.5,8.9,8.2,,,N,,100784,Avery Sato,2023-11-09 23:19:00,yara.calder@acme-fake.test,,2024-09-09 09:46:00,jordan.rossi@sampleco.test,Nina Vance,,,Aisha Brooks,diego.rossi@sampleco.test,Quinn Garcia,yara.ford@acme-fake.test,Emerson Kim,Beta,100158,Y,Other,alex.calder@sampleco.test,Diego Mercer,Y,777,1630,8975,7962,N,,,,,Resolved the outstanding question about scope.,,reese.patel@acme-fake.test,,Noted a concern to revisit at the next sync.,emerson.nguyen@demomail.test,emerson.vance@acme-fake.test,N,Gamma,,,,,,,Alpha,2025-09-14 17:15:00,2736,3381,Alpha,Alpha,Delta,Alpha,1689,2151,6084,4990,6396,Gamma,Riley Mercer,Aisha Garcia,2026-02-14 21:12:00,,,,,,,,,,,,,,
700354,100449,Resource Care,100565,Customer Success Check-In,Final,N,Y,Noted a concern to revisit at the next sync.,100213,Emerson Larsson,Y,,2.3,2.6,100571,Y,2.1,How likely are you to continue the engagement?,Exceeding expectations.,7.4,9.1,Other,Y,7.1,2.4,7.9,5.0,3.9,2.0,6.5,,,Y,,100129,Avery Calder,2025-09-22 00:42:00,casey.nguyen@demomail.test,Taylor Brooks,2026-02-11 13:43:00,quinn.ivanov@acme-fake.test,Reese Reyes,,,,aisha.whitfield@acme-fake.test,Omar Silva,chen.sloan@acme-fake.test,Rahul Ashby,Gamma,100597,N,Standard,riley.sloan@demomail.test,Skyler Patel,N,4568,5209,6138,3227,Y,,,,,Scheduled a check-in for the coming month.,,skyler.blake@acme-fake.test,,Noted a concern to revisit at the next sync.,diego.kim@sampleco.test,taylor.ford@acme-fake.test,N,,,,,,,,Alpha,2025-03-01 14:55:00,5890,83,Standard,Delta,Standard,Alpha,5994,6153,6698,4599,1329,Alpha,Riley Sloan,Riley Sato,2024-10-15 08:29:00,,,,Delta,,,,,,,,,,
700355,100305,Resource Care,100486,Customer Success Check-In,Final,Y,N,Noted a concern to revisit at the next sync.,100628,Rahul Reyes,Y,,7.9,9.8,100374,N,4.3,How satisfied are you with the service?,Happy with the progress.,2.7,5.6,Alpha,Y,7.6,7.9,5.4,8.7,9.6,7.7,3.9,,,N,,100343,Chen Patel,2024-03-14 20:48:00,jordan.cohen@demomail.test,,2024-04-12 17:14:00,quinn.cohen@demomail.test,Emerson Mensah,,,Rahul Kim,omar.mercer@sampleco.test,Arjun Brooks,mei.rossi@examplecorp.test,Marco Cohen,Standard,100603,Y,Standard,elena.brooks@demomail.test,Chen Brooks,N,1291,1544,1135,7321,Y,,,,,Aligned on billing and renewal terms.,,nina.larsson@examplecorp.test,,Resolved the outstanding question about scope.,jamie.ivanov@examplecorp.test,sofia.reyes@demomail.test,Y,,Discussed timeline and next steps with the account.,,,,,,,2025-11-11 07:59:00,2988,6939,Beta,Alpha,Other,Alpha,6880,5349,2290,1634,3660,Other,Morgan Dorsey,Morgan Ivanov,2025-05-30 01:12:00,,,,,,,,,,,,,,
700356,100342,Customer Management,100333,Quarterly Review,Final,Y,Y,Aligned on billing and renewal terms.,100520,Jamie Sloan,Y,,9.1,3.9,100269,N,6.3,How satisfied are you with the service?,Happy with the progress.,4.2,5.2,Standard,N,3.5,9.7,1.4,1.8,7.4,4.6,7.2,,,Y,,100034,Chen Costa,2023-01-08 15:10:00,alex.costa@acme-fake.test,Arjun Ivanov,2024-09-18 09:22:00,quinn.costa@examplecorp.test,Casey Costa,,Standard,,sofia.vance@demomail.test,Casey Patel,yara.nguyen@examplecorp.test,Rahul Nguyen,Gamma,100749,N,Gamma,riley.vance@acme-fake.test,Elena Dorsey,N,614,6176,4296,3679,Y,,,,,Aligned on billing and renewal terms.,,jordan.okafor@acme-fake.test,,Scheduled a check-in for the coming month.,drew.patel@acme-fake.test,nina.ford@sampleco.test,N,,Scheduled a check-in for the coming month.,Alpha,,,,,,2026-05-01 10:06:00,6862,632,Standard,Beta,Beta,Alpha,752,154,6382,3374,1314,Standard,Arjun Rossi,Riley Ashby,2025-12-02 12:57:00,,,,,,,,,,,,,,
700357,100530,Customer Management,100413,Quarterly Review,Final,Y,N,Discussed timeline and next steps with the account.,100685,Rahul Calder,Y,,7.0,7.6,100368,Y,6.9,Are deliverables meeting expectations?,Exceeding expectations.,6.4,7.7,Alpha,N,8.5,1.6,7.8,9.9,4.2,4.0,2.4,,,N,,100197,Chen Calder,2024-05-26 20:54:00,arjun.kim@sampleco.test,,2024-02-02 12:25:00,omar.rossi@demomail.test,,,,Sofia Blake,yara.dorsey@acme-fake.test,Casey Cohen,elena.calder@examplecorp.test,Liam Cohen,Standard,100302,N,Beta,omar.calder@demomail.test,Chen Silva,N,7982,8026,2229,7776,Y,,,,,Followed up on the open items from last week.,,rowan.patel@acme-fake.test,,Resolved the outstanding question about scope.,casey.silva@acme-fake.test,marco.mercer@demomail.test,N,,,,,,,,,2026-01-09 21:21:00,4285,7253,Other,Alpha,Delta,Alpha,9621,1372,8675,2554,4857,Beta,Noah Costa,Marco Ford,2022-12-18 16:46:00,,,,Alpha,,,,,,,,,,
700358,100455,Customer Management,100593,Quarterly Review,Draft,Y,Y,Aligned on billing and renewal terms.,100558,Jordan Cohen,Y,,7.1,1.5,100628,Y,1.2,Are deliverables meeting expectations?,Happy with the progress.,3.6,9.3,Beta,N,4.9,2.9,7.0,9.7,2.2,7.5,6.8,,,Y,,100301,Aisha Okafor,2023-06-05 06:38:00,jamie.blake@sampleco.test,,2022-10-27 04:06:00,quinn.whitfield@examplecorp.test,,,Alpha,,emerson.larsson@acme-fake.test,Nina Rossi,reese.sato@acme-fake.test,Diego Whitfield,Standard,100729,N,Alpha,casey.garcia@sampleco.test,Priya Nguyen,N,5875,5799,7392,9561,Y,,,,,Reviewed performance and gathered feedback.,Sofia Patel,diego.haddad@sampleco.test,,Shared the updated proposal for review.,omar.dorsey@sampleco.test,diego.okafor@acme-fake.test,Y,Alpha,,,Delta,,,,,2024-03-17 10:36:00,9718,648,Alpha,Other,Alpha,Standard,1847,9455,2150,6211,4300,Beta,Noah Mercer,Nina Ford,2024-09-17 11:37:00,,,Gamma,,,,,,,,,,,
700359,100539,Customer Management,100788,Quarterly Review,Final,N,Y,Scheduled a check-in for the coming month.,100664,Jordan Ashby,Y,,5.5,7.6,100405,Y,8.6,Any concerns we should address?,"Going well, minor tweaks needed.",5.7,8.5,Standard,Y,4.6,6.2,5.1,3.3,1.3,6.3,2.2,,,Y,,100391,Chen Mercer,2023-03-09 17:05:00,riley.larsson@acme-fake.test,,2023-05-17 15:48:00,taylor.costa@examplecorp.test,Sofia Mercer,,,,elena.dorsey@demomail.test,Jamie Haddad,arjun.sloan@acme-fake.test,Priya Ivanov,Other,100188,N,Gamma,arjun.rossi@examplecorp.test,Alex Silva,N,2559,9932,7978,8496,N,,,,,Shared the updated proposal for review.,,marco.rossi@acme-fake.test,,Reviewed performance and gathered feedback.,nina.okafor@examplecorp.test,elena.sloan@acme-fake.test,N,,,,,,,,,2024-11-26 18:34:00,647,2968,Other,Standard,Beta,Alpha,3989,5736,4810,2739,8427,Delta,Mei Dorsey,Casey Cohen,2024-09-26 23:35:00,,,,,,,,,8511,,,,,
700360,100645,Resource Care,100551,Customer Success Check-In,Final,Y,Y,Discussed timeline and next steps with the account.,100178,Alex Vance,Y,,8.1,4.5,100356,N,3.3,Any concerns we should address?,"Going well, minor tweaks needed.",1.3,8.9,Alpha,N,9.4,4.5,3.2,4.5,4.1,5.8,3.7,,,N,,100526,Rahul Brooks,2023-07-15 22:50:00,marco.sato@sampleco.test,,2023-05-15 11:16:00,morgan.vance@sampleco.test,,,,,marco.garcia@sampleco.test,Elena Ivanov,diego.mensah@sampleco.test,Liam Kim,Standard,100334,Y,Beta,mei.haddad@demomail.test,Avery Ivanov,N,7656,5990,1005,2590,Y,,,,,Shared the updated proposal for review.,,rowan.brooks@acme-fake.test,,Noted a concern to revisit at the next sync.,riley.silva@demomail.test,alex.ashby@acme-fake.test,N,Alpha,Resolved the outstanding question about scope.,Delta,Other,Delta,,Delta,,2025-10-20 16:53:00,6259,6940,Other,Alpha,Alpha,Gamma,2104,444,599,4549,3637,Other,Liam Mercer,Sofia Sloan,2023-03-26 12:48:00,,,,,,,,,,,,,,
700361,100238,Customer Management,100456,Quarterly Review,Final,Y,Y,Resolved the outstanding question about scope.,100468,Reese Nguyen,Y,,1.1,7.9,100176,Y,6.8,How likely are you to continue the engagement?,"Going well, minor tweaks needed.",6.6,1.2,Beta,Y,7.9,2.2,7.4,4.8,2.1,9.5,7.0,,,N,,100759,Yara Patel,2024-02-16 07:07:00,reese.kim@acme-fake.test,,2026-07-12 00:30:00,reese.kim@sampleco.test,,,Beta,,skyler.kim@acme-fake.test,Jordan Calder,priya.sloan@acme-fake.test,Casey Blake,Beta,100037,N,Beta,arjun.nguyen@sampleco.test,Omar Calder,Y,8464,5976,1788,186,Y,,,,,Resolved the outstanding question about scope.,,fatima.patel@demomail.test,Standard,Aligned on billing and renewal terms.,riley.mensah@demomail.test,jamie.reyes@demomail.test,N,,,,Standard,Other,,,,2023-03-29 13:52:00,1347,2249,Standard,Gamma,Other,Standard,2871,425,3466,1950,4423,Beta,Noah Larsson,Alex Blake,2023-08-31 11:53:00,,,,,,Other,,,,,,,Mei Nguyen,
700362,100259,Customer Management,100302,Customer Success Check-In,Final,N,Y,Resolved the outstanding question about scope.,100286,Rahul Mercer,Y,,3.5,8.5,100462,Y,1.7,Are deliverables meeting expectations?,"Going well, minor tweaks needed.",6.5,7.7,Other,N,9.3,8.1,3.9,9.2,9.1,6.8,1.9,,,Y,,100447,Avery Okafor,2026-05-20 14:49:00,skyler.mercer@acme-fake.test,,2024-12-30 00:26:00,riley.mensah@examplecorp.test,,,,,sofia.patel@examplecorp.test,Riley Whitfield,fatima.nguyen@acme-fake.test,Alex Okafor,Delta,100017,N,Beta,elena.rossi@demomail.test,Rahul Nguyen,Y,6780,2734,2463,4339,Y,,Standard,,,Resolved the outstanding question about scope.,,rahul.vance@examplecorp.test,,Scheduled a check-in for the coming month.,marco.larsson@acme-fake.test,yara.patel@examplecorp.test,Y,,,Other,Delta,,,Alpha,Standard,2025-11-10 13:16:00,7132,6419,Standard,Gamma,Alpha,Alpha,6378,252,1523,7596,3666,Gamma,Taylor Nguyen,Chen Kim,2024-11-26 06:13:00,9035,,,,,,,,,,,,,
700363,100107,Resource Care,100467,Customer Success Check-In,Final,Y,N,Aligned on billing and renewal terms.,100014,Marco Silva,Y,,3.2,2.2,100104,N,7.8,Any concerns we should address?,"Neutral, watching closely.",2.4,6.7,Beta,Y,9.9,1.3,7.4,7.2,1.7,1.1,2.6,,,Y,,100452,Mei Sloan,2023-11-22 15:17:00,nina.sloan@acme-fake.test,,2022-11-11 16:00:00,reese.ivanov@examplecorp.test,Nina Rossi,,Delta,,yara.mercer@examplecorp.test,Arjun Garcia,morgan.ashby@examplecorp.test,Priya Blake,Delta,100443,Y,Beta,sofia.kim@acme-fake.test,Diego Silva,Y,8962,2407,5789,6853,N,Gamma,,,,Followed up on the open items from last week.,,alex.mercer@acme-fake.test,,Resolved the outstanding question about scope.,marco.patel@examplecorp.test,avery.dorsey@demomail.test,Y,,,Gamma,Alpha,,,,,2023-07-17 09:39:00,1239,9759,Alpha,Gamma,Delta,Gamma,7791,5313,1937,7237,3353,Standard,Aisha Whitfield,Jordan Sloan,2024-11-19 12:56:00,,,,,,,,,,,,,,
700364,100110,Resource Care,100741,Customer Success Check-In,Final,Y,N,Noted a concern to revisit at the next sync.,100702,Jamie Haddad,N,,4.8,1.2,100477,Y,7.4,Are deliverables meeting expectations?,"Neutral, watching closely.",3.7,9.6,Beta,Y,8.0,6.9,1.2,1.6,8.1,6.6,5.9,,,Y,,100712,Diego Whitfield,2023-10-16 23:33:00,jordan.kim@sampleco.test,,2024-01-20 17:58:00,morgan.reyes@examplecorp.test,,,,Casey Patel,sofia.ivanov@sampleco.test,Liam Brooks,riley.ford@demomail.test,Casey Rossi,Beta,100705,Y,Standard,sofia.sato@examplecorp.test,Skyler Vance,N,5321,3126,6329,554,N,,,,,Resolved the outstanding question about scope.,,arjun.sato@acme-fake.test,,Aligned on billing and renewal terms.,yara.nguyen@demomail.test,nina.sloan@sampleco.test,Y,,Followed up on the open items from last week.,,,,,,,2025-07-05 05:10:00,1228,4066,Beta,Delta,Alpha,Standard,6251,58,8372,529,5307,Beta,Omar Sloan,Casey Dorsey,2025-07-13 22:08:00,,,,,,,,,,,,,,
700365,100232,Resource Care,100464,Wellness Check-In,Final,N,Y,Scheduled a check-in for the coming month.,100164,Casey Brooks,N,,7.8,7.6,100405,Y,9.0,How is communication with your team?,"Neutral, watching closely.",3.3,9.7,Standard,N,2.3,7.1,7.5,7.0,1.1,8.3,1.1,,,N,,100136,Omar Reyes,2024-09-15 02:52:00,jordan.whitfield@acme-fake.test,,2025-08-11 22:32:00,omar.cohen@acme-fake.test,,,Standard,,omar.cohen@examplecorp.test,Priya Rossi,morgan.nguyen@sampleco.test,Liam Ashby,Delta,100262,N,Standard,arjun.costa@demomail.test,Avery Larsson,Y,1344,1653,9469,7512,N,,,,,Aligned on billing and renewal terms.,,priya.ivanov@demomail.test,,Aligned on billing and renewal terms.,chen.sloan@acme-fake.test,jamie.whitfield@examplecorp.test,Y,,,,Delta,,Liam Costa,Standard,,2026-04-02 07:55:00,9822,261,Alpha,Gamma,Gamma,Other,1357,7696,3663,9976,992,Alpha,Jamie Vance,Sofia Sloan,2025-03-16 09:00:00,,4529,,,,,,,,,,,,
700366,100434,Resource Care,100025,Customer Success Check-In,Final,N,Y,Aligned on billing and renewal terms.,100620,Jamie Garcia,Y,,5.3,4.8,100380,N,8.6,How likely are you to continue the engagement?,Exceeding expectations.,7.1,3.1,Standard,N,1.8,3.9,6.6,9.6,4.5,3.6,6.0,,,N,,100780,Quinn Mensah,2023-01-22 11:17:00,emerson.calder@acme-fake.test,Rahul Okafor,2025-06-25 04:21:00,sofia.reyes@acme-fake.test,,,,,omar.ashby@sampleco.test,Morgan Reyes,rowan.whitfield@acme-fake.test,Nina Rossi,Alpha,100103,Y,Delta,noah.ford@examplecorp.test,Avery Kim,Y,8070,7506,8905,9708,Y,,,,,Scheduled a check-in for the coming month.,,mei.haddad@demomail.test,,Shared the updated proposal for review.,morgan.haddad@sampleco.test,casey.mensah@demomail.test,N,,,,,Gamma,,,,2026-05-08 14:50:00,8162,7929,Other,Beta,Beta,Other,7593,1589,8186,4112,9642,Alpha,Marco Blake,Marco Reyes,2026-01-27 05:14:00,,,,,,,,,,,,Delta,,
700367,100206,Resource Care,100552,Customer Success Check-In,Final,N,Y,Noted a concern to revisit at the next sync.,100588,Avery Cohen,Y,,3.0,1.8,100717,N,2.6,Any concerns we should address?,Exceeding expectations.,2.5,8.8,Alpha,N,9.4,4.1,7.7,6.9,2.8,7.0,9.3,,,Y,,100239,Taylor Ashby,2024-08-02 00:19:00,morgan.brooks@sampleco.test,,2024-03-12 23:28:00,riley.vance@sampleco.test,,,,,morgan.reyes@demomail.test,Riley Dorsey,mei.ashby@acme-fake.test,Morgan Brooks,Standard,100560,N,Beta,liam.ford@demomail.test,Aisha Mercer,N,724,1047,596,1399,Y,,,,,Followed up on the open items from last week.,,jordan.kim@demomail.test,,Scheduled a check-in for the coming month.,arjun.kim@acme-fake.test,morgan.sloan@acme-fake.test,Y,,,,,,,,,2025-09-07 14:41:00,4957,2108,Beta,Gamma,Delta,Standard,5223,2802,8235,4183,1009,Delta,Morgan Cohen,Avery Cohen,2023-06-27 23:59:00,,3604,,Other,,,,,,,,,,
700368,100720,Customer Management,100025,Quarterly Review,Final,N,N,Followed up on the open items from last week.,100530,Avery Reyes,N,,8.0,5.9,100622,Y,6.2,How likely are you to continue the engagement?,Happy with the progress.,8.4,2.2,Delta,N,6.4,7.6,5.3,6.9,4.7,3.6,9.3,,,Y,,100151,Chen Larsson,2023-02-19 22:00:00,skyler.sato@acme-fake.test,,2024-10-04 02:14:00,liam.costa@examplecorp.test,Chen Dorsey,,,,quinn.mercer@examplecorp.test,Omar Calder,marco.sloan@sampleco.test,Sofia Sato,Alpha,100309,Y,Standard,nina.kim@examplecorp.test,Fatima Kim,Y,8946,411,7019,7972,N,,,,,Followed up on the open items from last week.,,riley.dorsey@demomail.test,,Followed up on the open items from last week.,sofia.vance@acme-fake.test,liam.blake@examplecorp.test,N,Delta,,,,,,,Delta,2023-10-02 20:09:00,9696,3512,Other,Delta,Other,Delta,3217,1473,1418,4776,5103,Other,Fatima Rossi,Chen Sato,2023-01-01 06:49:00,,,,,,,,,,,,,,
700369,100750,Resource Care,100119,Quarterly Review,Final,N,N,Aligned on billing and renewal terms.,100080,Chen Sato,N,,7.8,2.7,100282,Y,5.1,Any concerns we should address?,Some concerns about turnaround time.,6.3,9.7,Standard,N,10.0,8.0,3.3,5.4,9.6,3.1,3.7,,,Y,,100527,Fatima Rossi,2022-12-01 10:58:00,taylor.ford@acme-fake.test,,2022-12-04 09:40:00,aisha.vance@acme-fake.test,Nina Silva,,Alpha,,priya.brooks@acme-fake.test,Rowan Brooks,drew.costa@acme-fake.test,Nina Calder,Alpha,100146,N,Beta,aisha.calder@demomail.test,Reese Nguyen,N,138,998,8430,4382,N,Alpha,,,,Shared the updated proposal for review.,,rahul.sloan@sampleco.test,,Scheduled a check-in for the coming month.,drew.brooks@acme-fake.test,priya.ford@demomail.test,N,,,,Other,,,,,2023-10-27 21:05:00,3925,1133,Delta,Standard,Standard,Standard,7644,9503,2900,3816,341,Beta,Arjun Blake,Liam Garcia,2025-05-17 10:54:00,,,,,,,,,,5951,,,,
700370,100753,Customer Management,100571,Wellness Check-In,Final,N,N,Scheduled a check-in for the coming month.,100750,Skyler Kim,N,,2.4,5.0,100173,Y,9.3,Are deliverables meeting expectations?,Very satisfied overall.,2.1,2.6,Alpha,Y,3.6,7.9,9.0,4.4,8.1,8.1,4.3,,,Y,,100334,Avery Calder,2022-12-17 15:01:00,skyler.brooks@acme-fake.test,,2024-01-30 13:17:00,drew.calder@examplecorp.test,,,Alpha,,avery.okafor@demomail.test,Diego Whitfield,emerson.larsson@examplecorp.test,Noah Sato,Standard,100242,N,Delta,aisha.silva@acme-fake.test,Nina Kim,Y,7154,4856,9897,690,Y,,,,Other,Noted a concern to revisit at the next sync.,,jordan.costa@acme-fake.test,,Resolved the outstanding question about scope.,chen.brooks@acme-fake.test,drew.sloan@demomail.test,Y,Delta,,,,Alpha,,,Beta,2024-11-28 18:14:00,7520,5611,Standard,Other,Other,Gamma,5226,3944,1279,1200,3958,Gamma,Chen Sato,Chen Larsson,2025-12-18 01:45:00,,,,,,,,,,,,,,
700371,100596,Resource Care,100429,Wellness Check-In,Final,Y,Y,Reviewed performance and gathered feedback.,100582,Yara Kim,Y,,3.8,6.2,100634,N,2.6,Are deliverables meeting expectations?,Some concerns about turnaround time.,6.5,5.7,Gamma,Y,4.6,8.4,5.4,7.9,3.1,3.4,4.7,,,N,,100516,Noah Larsson,2025-04-19 12:42:00,priya.mercer@acme-fake.test,,2026-07-06 03:51:00,liam.mensah@acme-fake.test,,,,Marco Silva,elena.brooks@examplecorp.test,Fatima Mercer,aisha.ford@examplecorp.test,Emerson Silva,Other,100185,Y,Gamma,mei.vance@acme-fake.test,Reese Sato,N,3677,7110,2080,5219,N,,,,Alpha,Shared the updated proposal for review.,,riley.vance@demomail.test,,Aligned on billing and renewal terms.,liam.sato@acme-fake.test,sofia.patel@sampleco.test,Y,,,Alpha,Standard,Other,,,Other,2024-06-09 21:55:00,9914,5774,Delta,Alpha,Delta,Beta,982,6703,7310,7553,7964,Delta,Omar Reyes,Aisha Kim,2023-08-19 04:22:00,,,,,,,,,,,,,,
700372,100771,Customer Management,100075,Quarterly Review,Final,Y,Y,Scheduled a check-in for the coming month.,100434,Morgan Garcia,N,,7.4,5.3,100631,N,9.7,Are deliverables meeting expectations?,Very satisfied overall.,4.3,5.4,Beta,Y,2.5,6.5,4.9,1.5,5.2,6.5,5.3,,,Y,,100034,Riley Ivanov,2023-08-13 18:30:00,avery.ashby@examplecorp.test,,2025-12-05 19:17:00,quinn.silva@sampleco.test,,,,,diego.haddad@acme-fake.test,Avery Reyes,omar.kim@demomail.test,Elena Reyes,Delta,100741,Y,Gamma,arjun.dorsey@acme-fake.test,Elena Okafor,Y,3319,7545,4290,2286,Y,,,,,Noted a concern to revisit at the next sync.,,taylor.mercer@examplecorp.test,,Reviewed performance and gathered feedback.,chen.costa@demomail.test,jordan.kim@sampleco.test,N,,,,,,Emerson Ashby,,,2026-07-03 16:24:00,644,9139,Beta,Other,Alpha,Delta,188,1417,9734,275,8776,Alpha,Jordan Nguyen,Riley Ivanov,2026-02-20 16:57:00,,,,,,,,,,,,,Fatima Calder,
700373,100765,Resource Care,100792,Quarterly Review,Final,Y,N,Aligned on billing and renewal terms.,100041,Morgan Ford,N,,9.3,7.6,100042,Y,9.5,Are deliverables meeting expectations?,"Going well, minor tweaks needed.",9.1,6.9,Alpha,N,5.5,9.1,5.5,5.4,3.7,1.1,8.0,,,N,,100185,Chen Dorsey,2025-11-02 19:25:00,rowan.ford@acme-fake.test,,2025-03-25 03:39:00,skyler.reyes@examplecorp.test,,,,,alex.sato@sampleco.test,Quinn Kim,drew.mensah@acme-fake.test,Rowan Costa,Gamma,100551,N,Standard,skyler.calder@demomail.test,Casey Dorsey,Y,9845,3553,3884,8285,Y,,,,,Followed up on the open items from last week.,,sofia.costa@examplecorp.test,,Reviewed performance and gathered feedback.,emerson.calder@demomail.test,nina.ford@examplecorp.test,N,,,Alpha,,Alpha,,Standard,,2024-10-05 17:38:00,3724,102,Gamma,Beta,Standard,Alpha,3090,2153,6333,9004,2255,Alpha,Avery Larsson,Fatima Vance,2024-01-10 15:14:00,,,,,,,,,,9009,,,,
700374,100523,Customer Management,100323,Wellness Check-In,Final,Y,N,Aligned on billing and renewal terms.,100259,Riley Patel,N,,5.8,5.7,100568,N,6.1,Are deliverables meeting expectations?,"Going well, minor tweaks needed.",4.6,2.1,Beta,Y,5.7,4.3,9.1,5.8,9.2,8.3,4.5,,,N,,100554,Riley Rossi,2023-06-28 01:57:00,chen.vance@acme-fake.test,,2024-02-14 06:48:00,morgan.kim@acme-fake.test,Yara Haddad,,,,reese.larsson@sampleco.test,Taylor Mensah,sofia.haddad@acme-fake.test,Nina Brooks,Standard,100189,N,Delta,mei.ashby@examplecorp.test,Morgan Brooks,N,408,2857,2004,8876,Y,,,,,Resolved the outstanding question about scope.,,aisha.rossi@sampleco.test,,Aligned on billing and renewal terms.,diego.costa@acme-fake.test,riley.silva@acme-fake.test,N,,,,,Beta,,,,2026-06-27 18:06:00,6356,9921,Beta,Gamma,Other,Standard,8444,2045,1064,8832,1717,Alpha,Noah Mercer,Casey Calder,2024-11-24 05:59:00,,,,,,,,,,,,,,
700375,100262,Resource Care,100638,Customer Success Check-In,Final,N,Y,Resolved the outstanding question about scope.,100132,Drew Rossi,Y,,9.4,9.9,100128,N,9.1,How likely are you to continue the engagement?,Very satisfied overall.,7.8,9.1,Beta,N,1.7,8.3,8.4,7.0,2.6,8.9,5.4,,,Y,,100535,Casey Rossi,2023-05-12 19:22:00,nina.silva@examplecorp.test,,2026-01-27 12:39:00,arjun.brooks@demomail.test,,,,,avery.rossi@acme-fake.test,Mei Sloan,marco.sloan@examplecorp.test,Mei Vance,Standard,100517,N,Beta,marco.calder@sampleco.test,Morgan Nguyen,Y,2869,9754,348,3184,N,,,,,Shared the updated proposal for review.,,quinn.patel@sampleco.test,,Discussed timeline and next steps with the account.,alex.ivanov@examplecorp.test,casey.ivanov@examplecorp.test,N,,,,,Gamma,,,,2025-08-10 14:30:00,4592,2333,Alpha,Standard,Other,Standard,4744,9138,5877,4806,6124,Standard,Arjun Blake,Nina Haddad,2024-08-31 20:25:00,,,,,,,,,,,,,Liam Silva,
700376,100288,Customer Management,100240,Wellness Check-In,Final,N,N,Aligned on billing and renewal terms.,100066,Marco Garcia,N,,2.5,1.9,100319,Y,2.9,How satisfied are you with the service?,Happy with the progress.,8.2,8.6,Alpha,N,5.8,1.3,3.7,6.8,6.0,5.2,1.7,,,Y,,100342,Priya Sato,2023-12-18 03:06:00,fatima.silva@examplecorp.test,,2024-05-18 14:59:00,liam.larsson@demomail.test,,,,,riley.dorsey@sampleco.test,Riley Costa,alex.vance@examplecorp.test,Reese Nguyen,Alpha,100637,N,Other,liam.costa@demomail.test,Casey Larsson,Y,6959,5256,8168,7311,Y,,,,,Resolved the outstanding question about scope.,,rahul.calder@examplecorp.test,,Shared the updated proposal for review.,drew.okafor@demomail.test,diego.haddad@acme-fake.test,N,Beta,,,,,,,,2024-09-12 09:00:00,7676,4985,Gamma,Beta,Alpha,Gamma,1765,3641,6885,4370,5159,Other,Jordan Garcia,Aisha Ford,2024-02-22 13:06:00,,,,,,,,,,,,,,
700377,100393,Resource Care,100449,Quarterly Review,Final,Y,Y,Noted a concern to revisit at the next sync.,100523,Drew Calder,N,,6.5,6.0,100690,Y,9.4,Any concerns we should address?,Exceeding expectations.,8.1,3.2,Alpha,N,7.4,5.0,1.0,4.6,1.5,4.8,5.7,,,N,,100750,Nina Larsson,2023-11-03 06:03:00,aisha.silva@sampleco.test,,2023-03-06 11:46:00,quinn.larsson@demomail.test,,,,,jordan.garcia@demomail.test,Taylor Rossi,noah.larsson@demomail.test,Chen Cohen,Other,100391,N,Other,fatima.ashby@examplecorp.test,Diego Mercer,Y,8644,9045,6963,7762,Y,,,,,Scheduled a check-in for the coming month.,,jordan.sloan@acme-fake.test,,Shared the updated proposal for review.,liam.ashby@acme-fake.test,skyler.mensah@examplecorp.test,N,Alpha,,Alpha,Other,,,Beta,,2024-11-22 23:05:00,9707,1186,Beta,Gamma,Alpha,Standard,8003,1024,8645,2837,8718,Alpha,Drew Rossi,Mei Brooks,2025-05-05 06:30:00,,,Other,,,,,,,,,,,
700378,100603,Customer Management,100642,Wellness Check-In,Draft,Y,N,Scheduled a check-in for the coming month.,100596,Diego Ivanov,Y,,9.6,8.3,100490,Y,8.7,How likely are you to continue the engagement?,Happy with the progress.,6.7,7.7,Delta,N,1.8,1.7,5.9,7.0,7.6,9.0,7.3,,,Y,,100616,Fatima Rossi,2026-07-12 04:24:00,reese.cohen@demomail.test,,2026-01-11 07:50:00,avery.ford@demomail.test,,,,,priya.kim@sampleco.test,Riley Larsson,avery.dorsey@sampleco.test,Jordan Larsson,Beta,100239,N,Standard,avery.dorsey@acme-fake.test,Jamie Kim,N,1722,2587,6885,4265,Y,,,,,Discussed timeline and next steps with the account.,,reese.kim@sampleco.test,,Resolved the outstanding question about scope.,jordan.mercer@acme-fake.test,fatima.vance@acme-fake.test,N,,,Beta,Standard,,,,,2025-07-25 17:54:00,5198,5071,Gamma,Delta,Alpha,Delta,7358,4250,6772,9646,999,Standard,Arjun Ford,Reese Whitfield,2026-06-26 17:07:00,,,,,,,,,,,,,,
700379,100742,Customer Management,100332,Customer Success Check-In,Final,N,N,Reviewed performance and gathered feedback.,100332,Quinn Brooks,Y,,7.8,6.9,100405,Y,4.8,How is communication with your team?,Some concerns about turnaround time.,7.3,4.3,Gamma,Y,1.1,9.0,6.8,8.1,4.2,3.3,1.2,,,N,,100332,Sofia Kim,2024-02-10 19:28:00,yara.haddad@examplecorp.test,,2023-05-21 20:11:00,omar.mensah@demomail.test,Drew Kim,,,,emerson.silva@demomail.test,Avery Dorsey,morgan.dorsey@examplecorp.test,Alex Reyes,Standard,100782,Y,Beta,avery.nguyen@acme-fake.test,Priya Reyes,N,8126,4421,3434,2177,N,,,,,Followed up on the open items from last week.,,mei.reyes@sampleco.test,,Discussed timeline and next steps with the account.,rahul.vance@sampleco.test,chen.blake@sampleco.test,Y,,,,Gamma,,Nina Haddad,,,2026-04-30 15:47:00,4361,5057,Beta,Delta,Gamma,Delta,369,6827,2599,5587,9381,Other,Morgan Nguyen,Nina Ashby,2026-07-12 16:33:00,,,,,,,,,,,,,,
700380,100206,Customer Management,100086,Customer Success Check-In,Final,N,N,Scheduled a check-in for the coming month.,100025,Rahul Reyes,Y,,5.6,6.0,100058,N,6.3,How satisfied are you with the service?,Exceeding expectations.,8.2,2.5,Delta,N,5.2,9.9,6.9,8.9,9.0,8.4,7.8,,,N,,100275,Skyler Reyes,2026-04-13 21:53:00,skyler.mercer@demomail.test,,2024-09-13 14:17:00,jordan.kim@acme-fake.test,,,,,arjun.blake@acme-fake.test,Jamie Whitfield,skyler.haddad@demomail.test,Fatima Blake,Delta,100164,N,Standard,aisha.ford@acme-fake.test,Jordan Ford,N,1265,9092,5999,852,N,,,,,Noted a concern to revisit at the next sync.,,jamie.sato@examplecorp.test,,Aligned on billing and renewal terms.,riley.larsson@acme-fake.test,chen.reyes@examplecorp.test,Y,,Reviewed performance and gathered feedback.,,,,Jamie Ford,Other,,2025-04-20 10:00:00,9014,924,Standard,Beta,Alpha,Delta,8894,879,7033,8983,219,Beta,Skyler Reyes,Fatima Garcia,2026-01-03 16:42:00,,,,,Other,,,,,,3324,Other,,
700381,100115,Customer Management,100615,Quarterly Review,Final,Y,Y,Reviewed performance and gathered feedback.,100492,Noah Ivanov,N,,4.5,7.8,100094,Y,8.9,How is communication with your team?,Very satisfied overall.,2.0,4.2,Gamma,Y,9.8,4.3,8.3,2.2,9.7,4.0,8.4,,,Y,,100729,Omar Whitfield,2025-11-25 21:23:00,quinn.cohen@sampleco.test,,2023-09-28 11:04:00,rowan.cohen@examplecorp.test,,,Standard,Priya Larsson,aisha.brooks@demomail.test,Quinn Sloan,mei.cohen@examplecorp.test,Liam Nguyen,Gamma,100684,Y,Gamma,reese.ivanov@examplecorp.test,Arjun Silva,N,1759,7369,4288,690,Y,,,,,Followed up on the open items from last week.,,alex.costa@demomail.test,,Scheduled a check-in for the coming month.,fatima.okafor@demomail.test,avery.kim@demomail.test,N,,,,,,Liam Nguyen,Delta,,2024-03-17 11:18:00,2613,539,Alpha,Gamma,Alpha,Delta,2586,6621,5178,3964,3971,Gamma,Arjun Rossi,Yara Larsson,2024-06-21 07:57:00,,,,,,,,,,,,,,
700382,100328,Resource Care,100200,Wellness Check-In,Final,N,N,Aligned on billing and renewal terms.,100286,Rowan Sato,N,,4.4,1.4,100360,Y,9.7,Are deliverables meeting expectations?,Some concerns about turnaround time.,6.3,8.5,Alpha,Y,1.2,7.9,9.6,3.0,5.0,1.5,8.1,,,Y,,100641,Diego Brooks,2025-04-21 13:22:00,jordan.whitfield@acme-fake.test,,2024-09-02 04:51:00,arjun.vance@demomail.test,,,,,marco.brooks@sampleco.test,Rowan Mercer,arjun.costa@acme-fake.test,Omar Sloan,Other,100617,Y,Other,rahul.sloan@acme-fake.test,Yara Garcia,N,269,9721,2949,3746,N,,,,,Followed up on the open items from last week.,,fatima.patel@sampleco.test,,Discussed timeline and next steps with the account.,omar.sloan@demomail.test,quinn.calder@demomail.test,N,,Resolved the outstanding question about scope.,,,,Avery Reyes,,,2025-08-25 15:13:00,4548,5742,Standard,Delta,Alpha,Standard,4828,8737,3211,1714,2279,Delta,Jamie Sato,Yara Silva,2024-06-20 10:48:00,,,,,,,,,,,,,,
700383,100591,Customer Management,100205,Customer Success Check-In,Draft,Y,Y,Discussed timeline and next steps with the account.,100798,Fatima Sato,N,,3.8,7.2,100129,Y,8.2,How satisfied are you with the service?,"Neutral, watching closely.",6.8,7.1,Other,N,8.8,9.9,6.7,3.8,9.2,6.6,4.4,,,N,,100788,Diego Vance,2023-09-06 12:56:00,priya.rossi@examplecorp.test,,2022-10-01 09:35:00,skyler.ashby@demomail.test,Aisha Blake,,,,mei.reyes@demomail.test,Taylor Ivanov,liam.cohen@demomail.test,Morgan Ivanov,Standard,100486,N,Delta,aisha.silva@acme-fake.test,Drew Mensah,N,1575,9865,2992,8173,Y,,,,,Aligned on billing and renewal terms.,,nina.mercer@examplecorp.test,,Followed up on the open items from last week.,riley.kim@demomail.test,elena.haddad@sampleco.test,N,,Reviewed performance and gathered feedback.,,,Standard,,,,2026-02-24 07:58:00,9820,3463,Gamma,Delta,Other,Other,15,7966,7255,3816,1855,Other,Mei Vance,Jamie Blake,2026-03-29 10:17:00,,,,,Beta,,,,,,,,,
700384,100457,Resource Care,100117,Quarterly Review,Draft,Y,N,Reviewed performance and gathered feedback.,100073,Drew Mensah,N,,7.6,1.0,100340,Y,1.1,Are deliverables meeting expectations?,"Neutral, watching closely.",3.6,1.5,Beta,N,3.9,5.0,9.3,2.5,1.3,6.7,7.6,,,N,,100558,Noah Silva,2023-02-18 11:31:00,emerson.patel@acme-fake.test,,2024-05-21 05:15:00,jamie.ivanov@demomail.test,,,,,liam.cohen@acme-fake.test,Reese Dorsey,marco.patel@examplecorp.test,Jamie Cohen,Other,100569,N,Beta,rowan.silva@examplecorp.test,Morgan Vance,Y,1589,277,8501,4433,N,,,,,Scheduled a check-in for the coming month.,,alex.ford@acme-fake.test,,Noted a concern to revisit at the next sync.,avery.rossi@sampleco.test,arjun.calder@sampleco.test,Y,,,,,,,Standard,,2024-06-03 18:25:00,977,2493,Other,Standard,Beta,Standard,6398,1090,5944,8074,8802,Beta,Arjun Sloan,Drew Garcia,2024-03-06 20:49:00,,,,,Standard,,,,,,,,,
700385,100596,Customer Management,100509,Customer Success Check-In,Final,N,Y,Discussed timeline and next steps with the account.,100539,Diego Mensah,N,,9.1,2.9,100793,Y,2.7,How satisfied are you with the service?,"Going well, minor tweaks needed.",9.8,4.9,Beta,N,9.0,8.1,9.1,4.6,5.7,6.3,9.0,,,Y,,100382,Jamie Sloan,2023-04-13 20:20:00,chen.dorsey@acme-fake.test,,2024-10-06 09:44:00,mei.mercer@acme-fake.test,,,,,noah.dorsey@examplecorp.test,Quinn Sloan,arjun.sato@acme-fake.test,Jamie Costa,Beta,100415,Y,Standard,aisha.mercer@examplecorp.test,Jamie Nguyen,Y,4422,534,1174,9155,N,,,,Gamma,Scheduled a check-in for the coming month.,,casey.rossi@acme-fake.test,,Shared the updated proposal for review.,riley.vance@examplecorp.test,riley.whitfield@acme-fake.test,N,Standard,,,,Alpha,,,Alpha,2025-10-04 13:59:00,5092,7425,Gamma,Alpha,Standard,Other,6786,2862,2971,5982,5588,Standard,Diego Okafor,Priya Whitfield,2022-10-26 10:12:00,,,,,Gamma,,,,,,,,,Alex Reyes
700386,100469,Customer Management,100029,Wellness Check-In,Final,N,Y,Reviewed performance and gathered feedback.,100262,Jordan Sato,Y,,1.4,3.9,100658,N,5.9,How likely are you to continue the engagement?,"Going well, minor tweaks needed.",4.7,5.9,Delta,Y,4.9,2.6,7.0,1.8,2.1,7.8,5.7,,,N,,100395,Nina Kim,2024-11-01 04:28:00,elena.ford@examplecorp.test,,2023-07-20 09:47:00,fatima.okafor@examplecorp.test,,,,,avery.reyes@sampleco.test,Drew Patel,reese.brooks@sampleco.test,Taylor Kim,Alpha,100506,N,Gamma,reese.haddad@sampleco.test,Yara Rossi,N,9381,6191,3160,4197,Y,,,,,Discussed timeline and next steps with the account.,,noah.haddad@examplecorp.test,,Resolved the outstanding question about scope.,mei.reyes@demomail.test,morgan.sloan@acme-fake.test,Y,,,Standard,,,,Delta,,2022-11-16 17:49:00,2472,175,Gamma,Beta,Beta,Delta,1873,9628,5179,6166,8095,Gamma,Avery Mensah,Jamie Silva,2025-12-06 15:24:00,,,,,,,,,,,,,,
700387,100598,Customer Management,100498,Wellness Check-In,Final,Y,N,Discussed timeline and next steps with the account.,100192,Taylor Nguyen,N,,6.0,2.0,100186,N,3.3,How likely are you to continue the engagement?,Very satisfied overall.,9.3,2.5,Delta,N,4.2,6.8,8.4,4.6,3.3,4.7,8.9,,,Y,,100722,Mei Kim,2024-09-04 02:01:00,marco.mercer@sampleco.test,,2025-11-09 14:24:00,fatima.rossi@acme-fake.test,Riley Ford,,,Morgan Costa,reese.rossi@demomail.test,Casey Garcia,chen.dorsey@sampleco.test,Aisha Silva,Other,100016,Y,Alpha,sofia.haddad@examplecorp.test,Arjun Patel,N,3674,2883,4789,9977,N,,,,Alpha,Shared the updated proposal for review.,,emerson.mercer@acme-fake.test,,Noted a concern to revisit at the next sync.,elena.reyes@sampleco.test,skyler.cohen@acme-fake.test,Y,,,Delta,,Beta,,Alpha,,2024-08-23 22:44:00,7413,6153,Gamma,Other,Beta,Alpha,410,9564,2129,6087,4834,Delta,Priya Sloan,Elena Okafor,2025-08-01 09:50:00,,,,,,,,,,,,,,
700388,100376,Customer Management,100569,Customer Success Check-In,Draft,N,Y,Aligned on billing and renewal terms.,100777,Alex Haddad,N,,5.0,7.8,100627,Y,1.3,How satisfied are you with the service?,Exceeding expectations.,6.9,8.8,Beta,Y,9.9,5.0,8.4,6.5,9.1,7.4,6.6,,,N,,100509,Noah Sloan,2024-06-06 23:45:00,diego.nguyen@demomail.test,,2026-03-28 15:32:00,avery.rossi@examplecorp.test,,,,,noah.calder@acme-fake.test,Diego Brooks,omar.sato@examplecorp.test,Omar Ford,Beta,100363,Y,Other,rowan.blake@sampleco.test,Yara Blake,Y,1334,8825,1353,701,Y,,,,Beta,Discussed timeline and next steps with the account.,,fatima.brooks@demomail.test,,Discussed timeline and next steps with the account.,alex.dorsey@acme-fake.test,skyler.blake@examplecorp.test,Y,,,,,,,,,2024-10-19 23:11:00,7680,7954,Gamma,Other,Delta,Other,4320,8029,2271,5411,4254,Other,Skyler Dorsey,Chen Larsson,2024-02-14 06:38:00,,,,,,,,,,,,,,
700389,100023,Resource Care,100656,Customer Success Check-In,Final,Y,Y,Followed up on the open items from last week.,100679,Arjun Costa,Y,,1.5,1.9,100558,N,9.8,How is communication with your team?,Very satisfied overall.,6.6,8.6,Beta,Y,1.6,1.7,7.6,4.0,8.4,6.6,7.2,,,Y,,100042,Drew Haddad,2023-10-27 03:46:00,elena.vance@demomail.test,,2023-06-03 23:07:00,avery.garcia@acme-fake.test,,,,Nina Nguyen,aisha.sloan@acme-fake.test,Riley Kim,fatima.silva@examplecorp.test,Emerson Silva,Gamma,100498,Y,Gamma,quinn.patel@demomail.test,Reese Ivanov,N,5180,5282,2084,4064,N,,,,,Aligned on billing and renewal terms.,,chen.sato@sampleco.test,,Scheduled a check-in for the coming month.,emerson.calder@examplecorp.test,rahul.okafor@examplecorp.test,N,,Shared the updated proposal for review.,,,,Fatima Haddad,Alpha,,2025-04-17 14:37:00,6942,3277,Other,Beta,Alpha,Other,9333,8020,4567,9340,7155,Delta,Chen Sato,Avery Reyes,2023-07-30 12:59:00,,,,,,,,,,,,,,
700390,100262,Customer Management,100799,Customer Success Check-In,Final,Y,N,Scheduled a check-in for the coming month.,100516,Quinn Brooks,N,,2.7,5.0,100765,N,4.4,Any concerns we should address?,Some concerns about turnaround time.,2.0,5.4,Alpha,N,8.4,1.8,4.7,4.8,3.8,4.4,10.0,,,N,,100090,Morgan Mensah,2023-08-12 05:47:00,yara.blake@demomail.test,,2023-08-16 00:09:00,rowan.nguyen@examplecorp.test,,,,,priya.blake@examplecorp.test,Sofia Sloan,casey.cohen@examplecorp.test,Yara Dorsey,Other,100248,Y,Gamma,chen.patel@sampleco.test,Morgan Okafor,N,1986,7555,7367,6624,Y,,,,,Scheduled a check-in for the coming month.,Mei Costa,alex.okafor@acme-fake.test,,Shared the updated proposal for review.,marco.calder@demomail.test,marco.ivanov@sampleco.test,Y,,,,,,,,Gamma,2025-09-29 10:36:00,2009,4272,Beta,Beta,Beta,Gamma,2130,8806,16,4800,875,Alpha,Morgan Kim,Riley Silva,2025-01-10 14:45:00,,,,,,,,,,,,,,
700391,100015,Resource Care,100029,Wellness Check-In,Final,Y,N,Reviewed performance and gathered feedback.,100415,Jamie Haddad,Y,,9.2,2.9,100443,Y,3.3,How likely are you to continue the engagement?,Very satisfied overall.,6.7,7.2,Delta,N,8.5,4.9,7.3,3.4,9.7,7.9,1.2,,,N,,100746,Fatima Vance,2025-05-11 11:10:00,morgan.sloan@acme-fake.test,,2026-05-30 06:17:00,fatima.ashby@acme-fake.test,,,Gamma,,marco.mensah@demomail.test,Emerson Patel,priya.costa@demomail.test,Yara Calder,Beta,100286,Y,Alpha,marco.reyes@examplecorp.test,Arjun Vance,Y,4199,9102,2114,9896,N,,,,,Aligned on billing and renewal terms.,,omar.larsson@demomail.test,,Shared the updated proposal for review.,casey.cohen@acme-fake.test,omar.kim@sampleco.test,Y,,,,,,,,,2023-07-04 03:23:00,7759,9258,Gamma,Standard,Beta,Alpha,642,5663,48,3758,210,Alpha,Yara Haddad,Reese Okafor,2022-12-31 19:34:00,,,,,,,,,,,,,,
700392,100285,Resource Care,100758,Wellness Check-In,Final,Y,Y,Noted a concern to revisit at the next sync.,100044,Morgan Sloan,Y,,2.8,3.6,100333,Y,4.4,How satisfied are you with the service?,Exceeding expectations.,7.3,7.8,Alpha,Y,6.2,4.8,1.8,7.1,9.9,4.8,3.1,,,N,,100143,Taylor Calder,2025-05-27 12:57:00,yara.kim@demomail.test,,2025-06-02 23:40:00,nina.reyes@sampleco.test,,,,Omar Garcia,rowan.costa@demomail.test,Morgan Kim,diego.nguyen@sampleco.test,Yara Calder,Gamma,100393,Y,Standard,sofia.sloan@acme-fake.test,Riley Silva,N,5690,5594,4670,5754,N,,,,,Aligned on billing and renewal terms.,,liam.haddad@demomail.test,,Resolved the outstanding question about scope.,noah.garcia@examplecorp.test,chen.sloan@acme-fake.test,Y,,,Alpha,,,,,Gamma,2025-09-15 17:11:00,5736,4432,Alpha,Other,Delta,Delta,1355,3949,6598,1924,7154,Delta,Noah Dorsey,Omar Dorsey,2026-07-06 01:25:00,,,,,,,,,,,,,,
700393,100720,Resource Care,100772,Customer Success Check-In,Final,N,Y,Noted a concern to revisit at the next sync.,100143,Drew Larsson,Y,,1.4,8.6,100598,N,3.5,How likely are you to continue the engagement?,Happy with the progress.,1.5,9.1,Alpha,Y,9.0,5.7,5.9,5.9,3.1,3.8,3.7,,,N,,100722,Taylor Brooks,2024-09-06 01:48:00,priya.whitfield@examplecorp.test,,2024-07-28 21:04:00,emerson.vance@demomail.test,,,,,alex.vance@acme-fake.test,Alex Cohen,chen.brooks@demomail.test,Nina Reyes,Beta,100418,N,Standard,rahul.nguyen@demomail.test,Morgan Ashby,Y,8737,9288,7581,5464,N,,,,,Aligned on billing and renewal terms.,,taylor.vance@sampleco.test,,Noted a concern to revisit at the next sync.,liam.patel@acme-fake.test,mei.nguyen@sampleco.test,Y,,Discussed timeline and next steps with the account.,,Standard,,,,,2025-03-27 17:37:00,7397,2627,Beta,Other,Standard,Standard,6428,5272,6385,6946,348,Standard,Casey Sloan,Reese Brooks,2023-01-28 06:05:00,,,,,,,,,,,,,,
700394,100486,Resource Care,100479,Customer Success Check-In,Draft,N,Y,Noted a concern to revisit at the next sync.,100429,Morgan Sloan,N,,4.7,5.9,100165,N,1.6,Are deliverables meeting expectations?,"Going well, minor tweaks needed.",2.5,1.2,Standard,Y,8.4,6.5,6.2,4.0,6.0,7.3,9.0,,,N,,100530,Emerson Garcia,2023-12-06 18:27:00,alex.ivanov@acme-fake.test,,2024-10-09 22:21:00,elena.garcia@demomail.test,,,,,noah.whitfield@acme-fake.test,Marco Silva,emerson.blake@acme-fake.test,Skyler Cohen,Standard,100110,N,Standard,mei.mensah@sampleco.test,Chen Ivanov,Y,219,4996,7262,9583,N,,,,,Reviewed performance and gathered feedback.,,omar.silva@sampleco.test,,Scheduled a check-in for the coming month.,skyler.brooks@sampleco.test,marco.calder@examplecorp.test,Y,,,Delta,,,,,Delta,2025-04-24 17:49:00,2828,8165,Gamma,Other,Standard,Gamma,3055,9041,6085,6224,3468,Gamma,Taylor Calder,Emerson Dorsey,2025-10-11 10:25:00,,,,,,,,,,,,,,
700395,100735,Resource Care,100516,Wellness Check-In,Final,N,N,Followed up on the open items from last week.,100259,Quinn Costa,Y,,3.6,8.6,100403,Y,9.6,Are deliverables meeting expectations?,Very satisfied overall.,3.4,1.6,Delta,N,8.6,6.8,1.9,2.1,1.3,7.8,9.8,,,Y,,100661,Marco Cohen,2025-11-21 17:03:00,diego.okafor@acme-fake.test,,2024-05-13 17:16:00,rowan.calder@demomail.test,Diego Cohen,,Other,,arjun.ford@acme-fake.test,Nina Ashby,riley.okafor@examplecorp.test,Omar Garcia,Beta,100506,Y,Beta,avery.costa@sampleco.test,Aisha Ivanov,N,6548,1874,9803,4147,Y,,,,,Shared the updated proposal for review.,,riley.costa@examplecorp.test,,Discussed timeline and next steps with the account.,liam.whitfield@acme-fake.test,mei.sato@demomail.test,N,Alpha,,,,,,,,2025-05-04 09:39:00,7471,927,Alpha,Beta,Other,Alpha,4485,6054,9214,7150,1712,Other,Jamie Blake,Mei Haddad,2023-07-01 12:26:00,,,,,,Delta,,,,,,Standard,,
700396,100360,Resource Care,100688,Quarterly Review,Final,N,Y,Scheduled a check-in for the coming month.,100789,Marco Haddad,N,,5.1,5.7,100015,N,9.0,How is communication with your team?,Happy with the progress.,1.2,9.6,Standard,N,1.7,3.1,9.0,8.9,8.2,4.3,7.2,,,Y,,100119,Omar Brooks,2024-12-14 17:39:00,arjun.dorsey@acme-fake.test,,2023-10-19 04:50:00,riley.patel@acme-fake.test,Mei Mercer,,,,rowan.cohen@examplecorp.test,Omar Reyes,arjun.mercer@demomail.test,Avery Silva,Beta,100331,Y,Alpha,avery.kim@demomail.test,Yara Vance,N,404,8608,7199,4248,Y,,,,,Noted a concern to revisit at the next sync.,,drew.nguyen@demomail.test,Other,Aligned on billing and renewal terms.,arjun.dorsey@sampleco.test,mei.vance@acme-fake.test,Y,Delta,,Beta,,,,,,2024-12-10 21:32:00,4886,8438,Other,Alpha,Gamma,Alpha,1618,5607,9693,786,7092,Standard,Jordan Dorsey,Riley Blake,2026-07-28 23:27:00,,,Beta,,,,,,,,,,,
700397,100447,Customer Management,100075,Customer Success Check-In,Draft,Y,N,Shared the updated proposal for review.,100607,Aisha Ashby,N,,3.1,3.1,100224,N,1.2,How satisfied are you with the service?,"Neutral, watching closely.",8.8,2.3,Beta,N,7.0,1.3,4.7,1.3,6.8,4.0,5.8,,,Y,,100110,Mei Ivanov,2022-10-25 02:37:00,casey.garcia@acme-fake.test,,2026-05-23 13:53:00,priya.reyes@demomail.test,,,Standard,,drew.mensah@acme-fake.test,Morgan Cohen,sofia.ivanov@sampleco.test,Casey Sloan,Other,100616,N,Delta,diego.cohen@acme-fake.test,Emerson Ivanov,N,1461,3455,9490,9818,Y,,,,,Reviewed performance and gathered feedback.,,priya.sato@sampleco.test,,Aligned on billing and renewal terms.,sofia.silva@demomail.test,liam.cohen@demomail.test,Y,,,,,,,Alpha,Other,2024-02-21 06:37:00,3972,4156,Beta,Other,Alpha,Standard,2305,7424,9813,7310,6485,Delta,Chen Reyes,Quinn Mensah,2026-05-24 20:36:00,,,,Delta,,,,,,,,,,
700398,100128,Resource Care,100016,Customer Success Check-In,Final,Y,N,Followed up on the open items from last week.,100638,Drew Mercer,N,,3.9,3.7,100467,N,7.7,Any concerns we should address?,Exceeding expectations.,6.1,7.6,Other,Y,7.6,7.7,6.2,3.0,2.8,1.2,9.6,,,Y,,100742,Jordan Calder,2022-12-27 23:17:00,priya.ford@demomail.test,,2023-08-21 02:34:00,taylor.brooks@sampleco.test,,,,,emerson.mensah@acme-fake.test,Rowan Mercer,sofia.mensah@acme-fake.test,Fatima Dorsey,Other,100565,N,Delta,priya.silva@examplecorp.test,Casey Ford,Y,4556,7175,5304,7828,Y,,,,,Reviewed performance and gathered feedback.,,rahul.sato@examplecorp.test,,Resolved the outstanding question about scope.,alex.okafor@acme-fake.test,yara.vance@acme-fake.test,N,,,Standard,,,,,,2025-10-03 02:38:00,8270,4633,Alpha,Standard,Gamma,Delta,4358,6006,8111,3331,4035,Alpha,Taylor Kim,Morgan Costa,2025-08-03 05:08:00,,,,,,,,,,,,,,Reese Patel
700399,100485,Customer Management,100456,Quarterly Review,Final,N,N,Followed up on the open items from last week.,100800,Drew Larsson,N,,7.8,2.0,100522,Y,6.7,Are deliverables meeting expectations?,Some concerns about turnaround time.,10.0,4.9,Standard,N,4.2,9.1,8.0,9.3,4.1,8.0,2.9,,,Y,,100468,Priya Nguyen,2025-12-02 22:45:00,skyler.brooks@examplecorp.test,,2025-10-19 19:50:00,marco.nguyen@demomail.test,,,,,omar.mensah@demomail.test,Mei Kim,drew.costa@examplecorp.test,Omar Haddad,Other,100449,N,Beta,skyler.mensah@examplecorp.test,Arjun Nguyen,N,572,9682,670,4102,N,,Other,,,Discussed timeline and next steps with the account.,,drew.patel@acme-fake.test,,Followed up on the open items from last week.,sofia.patel@examplecorp.test,casey.okafor@acme-fake.test,N,,,,,,,,,2024-05-26 18:22:00,3243,3213,Standard,Other,Delta,Standard,7151,7449,7847,5857,6926,Alpha,Quinn Vance,Jordan Sloan,2023-02-26 08:09:00,,5984,,Standard,,,,,,,,,,
700400,100658,Resource Care,100705,Wellness Check-In,Final,Y,Y,Shared the updated proposal for review.,100565,Sofia Haddad,N,,1.1,3.1,100792,Y,1.7,Are deliverables meeting expectations?,Some concerns about turnaround time.,8.7,2.3,Delta,Y,4.3,9.4,3.0,6.6,5.2,7.0,7.2,,,Y,,100692,Sofia Sloan,2023-08-08 17:36:00,noah.brooks@demomail.test,,2023-04-06 15:45:00,reese.mercer@sampleco.test,Fatima Sloan,,,,avery.costa@sampleco.test,Liam Garcia,casey.reyes@demomail.test,Mei Garcia,Other,100579,Y,Delta,taylor.patel@examplecorp.test,Liam Garcia,N,5654,3421,4656,2031,N,,,,,Discussed timeline and next steps with the account.,,jordan.sloan@demomail.test,,Aligned on billing and renewal terms.,rahul.sato@demomail.test,noah.mercer@acme-fake.test,Y,,,,,,Nina Ashby,,,2023-03-07 23:15:00,6809,6654,Standard,Gamma,Delta,Alpha,7731,5176,7986,2416,8339,Gamma,Taylor Rossi,Noah Rossi,2025-09-02 05:15:00,,,,,,,,,,,,,,
700401,100169,Customer Management,100286,Quarterly Review,Final,Y,N,Noted a concern to revisit at the next sync.,100440,Marco Ashby,Y,,7.3,7.0,100459,Y,1.1,How satisfied are you with the service?,"Going well, minor tweaks needed.",6.7,8.0,Gamma,Y,2.5,2.3,8.0,3.1,9.1,5.3,9.3,,,Y,,100275,Fatima Silva,2025-10-29 19:29:00,nina.mensah@examplecorp.test,,2024-12-20 10:48:00,casey.brooks@acme-fake.test,Riley Rossi,,,Diego Dorsey,emerson.ford@demomail.test,Skyler Dorsey,taylor.mensah@acme-fake.test,Taylor Patel,Delta,100800,N,Alpha,jamie.costa@sampleco.test,Priya Nguyen,N,5654,2704,4114,2601,Y,,,,,Followed up on the open items from last week.,,avery.sloan@acme-fake.test,,Followed up on the open items from last week.,reese.ivanov@demomail.test,jordan.blake@examplecorp.test,N,Other,,Standard,,,,,,2023-07-25 17:29:00,4154,3538,Other,Other,Delta,Gamma,7480,3018,6732,6651,148,Delta,Priya Calder,Arjun Costa,2023-04-14 06:23:00,,,,,,,,,,,,,,
700402,100440,Customer Management,100625,Wellness Check-In,Final,Y,N,Aligned on billing and renewal terms.,100111,Avery Costa,N,,3.4,3.5,100190,Y,6.0,How satisfied are you with the service?,Very satisfied overall.,3.1,1.8,Gamma,N,8.6,2.0,4.6,2.4,9.0,9.6,7.7,,,N,,100656,Aisha Sato,2023-04-16 02:41:00,aisha.reyes@acme-fake.test,,2026-04-24 18:01:00,rahul.calder@examplecorp.test,,,,,riley.sloan@demomail.test,Arjun Cohen,chen.brooks@demomail.test,Reese Larsson,Standard,100681,Y,Alpha,emerson.sloan@demomail.test,Jamie Ivanov,Y,6860,5885,6109,32,Y,,,,,Reviewed performance and gathered feedback.,,noah.rossi@demomail.test,,Resolved the outstanding question about scope.,elena.ivanov@acme-fake.test,rahul.brooks@acme-fake.test,Y,,,,Beta,Other,,,,2026-04-27 15:15:00,6662,8416,Beta,Delta,Delta,Standard,7346,6447,6202,9857,5452,Gamma,Arjun Garcia,Drew Whitfield,2023-08-20 16:08:00,,,,,,,,,,,,,,
700403,100699,Resource Care,100558,Quarterly Review,Final,N,Y,Noted a concern to revisit at the next sync.,100705,Casey Costa,N,,8.3,5.6,100197,Y,6.6,Any concerns we should address?,"Neutral, watching closely.",8.5,9.1,Delta,N,7.0,6.5,1.6,3.3,3.4,3.1,6.6,,,Y,,100723,Mei Ashby,2023-07-03 17:49:00,jamie.sato@demomail.test,,2023-08-09 01:07:00,casey.mensah@examplecorp.test,,,,Fatima Kim,chen.costa@demomail.test,Taylor Blake,liam.ivanov@sampleco.test,Fatima Haddad,Beta,100686,N,Delta,sofia.sato@demomail.test,Diego Whitfield,N,9312,7278,4492,332,N,,,,,Reviewed performance and gathered feedback.,,avery.ivanov@sampleco.test,,Resolved the outstanding question about scope.,emerson.haddad@sampleco.test,rahul.dorsey@acme-fake.test,Y,,,,,,,,,2024-04-05 03:08:00,8685,290,Alpha,Delta,Other,Delta,6861,4974,7875,7046,1424,Delta,Marco Vance,Alex Nguyen,2024-06-13 12:28:00,,,,,,,,,,,,,,
700404,100688,Customer Management,100563,Quarterly Review,Final,Y,Y,Aligned on billing and renewal terms.,100308,Rowan Kim,Y,,7.0,4.4,100328,Y,2.7,How satisfied are you with the service?,Very satisfied overall.,8.1,1.7,Alpha,Y,2.4,3.7,3.5,2.2,7.9,1.9,7.1,,,Y,,100110,Diego Cohen,2026-04-23 14:06:00,skyler.haddad@acme-fake.test,,2024-02-27 11:48:00,rahul.sloan@examplecorp.test,,,,Priya Mercer,diego.haddad@demomail.test,Omar Costa,chen.mensah@sampleco.test,Fatima Calder,Standard,100464,Y,Standard,emerson.rossi@examplecorp.test,Nina Garcia,Y,4175,8343,266,8273,Y,,,,,Aligned on billing and renewal terms.,,casey.rossi@examplecorp.test,,Aligned on billing and renewal terms.,yara.sato@sampleco.test,elena.patel@sampleco.test,Y,,,,Beta,,,,,2024-02-05 01:10:00,9148,9998,Other,Gamma,Beta,Beta,7670,1566,8588,4873,6548,Standard,Diego Okafor,Priya Mensah,2024-05-10 00:41:00,,,,,,,,,,,,,,
700405,100616,Customer Management,100579,Quarterly Review,Final,N,Y,Shared the updated proposal for review.,100615,Riley Cohen,Y,,9.3,6.5,100245,Y,7.6,How is communication with your team?,Some concerns about turnaround time.,6.1,3.4,Other,N,10.0,8.8,3.6,5.2,8.7,3.2,7.4,,,N,,100049,Emerson Rossi,2022-11-17 21:09:00,liam.ashby@examplecorp.test,,2024-05-05 18:18:00,marco.dorsey@acme-fake.test,,,,,alex.whitfield@demomail.test,Jamie Larsson,casey.sloan@acme-fake.test,Skyler Ashby,Other,100301,Y,Delta,alex.mercer@acme-fake.test,Fatima Ivanov,Y,9451,9838,3715,3607,N,,Gamma,,,Aligned on billing and renewal terms.,,elena.patel@demomail.test,,Resolved the outstanding question about scope.,diego.silva@demomail.test,liam.calder@sampleco.test,Y,,,Delta,,,Mei Vance,,,2023-04-17 18:47:00,260,5729,Delta,Alpha,Standard,Other,6398,7953,7307,7717,2362,Beta,Alex Haddad,Yara Haddad,2024-08-17 13:05:00,,,,,,,,,,,,,,
700406,100588,Customer Management,100467,Customer Success Check-In,Final,Y,Y,Followed up on the open items from last week.,100782,Rowan Vance,N,,1.8,7.5,100780,N,8.8,Are deliverables meeting expectations?,Happy with the progress.,6.1,8.3,Delta,N,4.1,5.2,7.1,6.1,8.1,6.9,8.9,,,N,,100063,Skyler Cohen,2023-08-18 18:18:00,liam.ford@examplecorp.test,,2023-03-21 21:22:00,sofia.okafor@sampleco.test,,,,Emerson Cohen,elena.silva@acme-fake.test,Diego Nguyen,elena.okafor@examplecorp.test,Avery Mensah,Beta,100269,N,Other,jamie.blake@acme-fake.test,Avery Rossi,N,7423,540,1709,1432,Y,,,,,Shared the updated proposal for review.,,fatima.vance@demomail.test,,Reviewed performance and gathered feedback.,sofia.blake@acme-fake.test,mei.mensah@demomail.test,Y,,Noted a concern to revisit at the next sync.,,,,Omar Rossi,,Alpha,2024-02-15 07:10:00,1963,959,Beta,Alpha,Other,Alpha,7195,7698,3935,3450,3914,Beta,Casey Ford,Fatima Okafor,2026-01-07 07:13:00,,,,,,,,,,,,,,
700407,100171,Customer Management,100342,Wellness Check-In,Final,Y,N,Followed up on the open items from last week.,100037,Priya Ashby,N,,5.0,7.8,100518,N,9.3,How likely are you to continue the engagement?,"Neutral, watching closely.",9.3,6.0,Standard,Y,2.7,1.4,7.3,4.3,5.4,4.2,8.3,,,Y,,100281,Noah Calder,2023-11-28 04:07:00,nina.whitfield@acme-fake.test,,2024-09-27 05:21:00,avery.sloan@examplecorp.test,,,,,arjun.larsson@examplecorp.test,Avery Ashby,avery.calder@acme-fake.test,Fatima Kim,Standard,100058,N,Standard,diego.nguyen@examplecorp.test,Chen Vance,N,4337,6989,3012,659,Y,,,,,Discussed timeline and next steps with the account.,,diego.calder@demomail.test,,Discussed timeline and next steps with the account.,sofia.rossi@demomail.test,alex.cohen@examplecorp.test,N,,,,Delta,,,,,2024-05-27 23:06:00,6656,1499,Delta,Other,Other,Other,1070,3317,4832,6837,1576,Alpha,Reese Kim,Fatima Ford,2022-12-11 16:50:00,,4690,,,,,,,,,,,,
700408,100158,Resource Care,100275,Quarterly Review,Draft,N,Y,Discussed timeline and next steps with the account.,100374,Skyler Reyes,N,,3.2,9.8,100494,N,9.2,How is communication with your team?,Very satisfied overall.,2.8,1.7,Other,N,5.5,6.8,9.3,3.3,5.3,5.3,6.8,,,N,,100382,Alex Mensah,2024-07-20 03:35:00,sofia.ivanov@demomail.test,,2025-12-07 21:25:00,marco.blake@demomail.test,,,,,aisha.brooks@examplecorp.test,Chen Sato,quinn.brooks@demomail.test,Rowan Okafor,Beta,100777,Y,Standard,yara.dorsey@sampleco.test,Elena Okafor,Y,2908,3450,9905,1561,Y,,,,,Followed up on the open items from last week.,,chen.haddad@demomail.test,,Followed up on the open items from last week.,yara.ashby@sampleco.test,diego.whitfield@examplecorp.test,N,,,,,,,,,2023-08-28 02:40:00,9465,4550,Delta,Delta,Gamma,Delta,2545,3205,9300,4445,5836,Beta,Sofia Silva,Casey Dorsey,2023-11-10 16:18:00,,,,,,,,,,,,,,
700409,100598,Resource Care,100772,Quarterly Review,Final,N,Y,Shared the updated proposal for review.,100793,Marco Okafor,N,,2.1,7.8,100734,Y,5.8,How likely are you to continue the engagement?,Very satisfied overall.,7.7,2.4,Standard,N,1.2,2.0,1.2,2.6,4.6,5.1,4.7,,,N,,100468,Riley Garcia,2025-05-04 01:28:00,marco.brooks@sampleco.test,,2026-05-13 20:08:00,drew.mensah@acme-fake.test,Riley Larsson,,Standard,,taylor.dorsey@examplecorp.test,Fatima Brooks,avery.larsson@demomail.test,Jamie Kim,Delta,100031,Y,Alpha,skyler.mercer@examplecorp.test,Drew Ashby,Y,4416,9795,3730,7701,Y,,,,Standard,Resolved the outstanding question about scope.,,liam.calder@sampleco.test,,Scheduled a check-in for the coming month.,aisha.whitfield@demomail.test,emerson.silva@demomail.test,Y,,,Gamma,,,,,,2026-05-01 12:21:00,5782,8148,Delta,Standard,Beta,Alpha,1546,1721,6560,629,7088,Alpha,Liam Kim,Quinn Blake,2023-01-18 20:17:00,,,,,Alpha,,,,,,,,,
700410,100457,Customer Management,100141,Wellness Check-In,Final,N,Y,Discussed timeline and next steps with the account.,100275,Rahul Sato,N,,5.2,2.4,100090,Y,9.3,Any concerns we should address?,Happy with the progress.,3.5,3.6,Alpha,Y,3.3,4.4,7.2,7.4,8.1,5.0,3.3,,,Y,,100115,Skyler Garcia,2025-01-04 00:49:00,marco.larsson@examplecorp.test,,2022-12-11 04:58:00,elena.calder@acme-fake.test,,,,,liam.mensah@acme-fake.test,Aisha Mensah,rowan.kim@demomail.test,Drew Calder,Delta,100305,N,Standard,omar.costa@demomail.test,Sofia Mensah,N,5180,1254,8630,6517,N,,,,,Shared the updated proposal for review.,,emerson.whitfield@examplecorp.test,,Noted a concern to revisit at the next sync.,rowan.mensah@examplecorp.test,priya.blake@acme-fake.test,N,Gamma,,,,Standard,,,,2025-07-11 04:17:00,391,7480,Standard,Gamma,Gamma,Standard,1576,6392,9475,6897,8850,Gamma,Priya Dorsey,Morgan Sato,2025-04-29 05:13:00,,,,,,,,,,,,,,
700411,100101,Customer Management,100345,Quarterly Review,Final,N,Y,Discussed timeline and next steps with the account.,100363,Emerson Dorsey,N,,9.9,1.0,100242,N,6.0,Any concerns we should address?,Some concerns about turnaround time.,1.8,7.8,Alpha,Y,6.5,1.4,1.3,2.9,2.8,9.3,8.5,,,Y,,100026,Omar Mercer,2023-04-07 13:00:00,mei.mercer@examplecorp.test,,2023-04-22 07:55:00,nina.costa@demomail.test,,,,,nina.ivanov@examplecorp.test,Priya Ford,noah.sloan@acme-fake.test,Liam Okafor,Delta,100290,N,Other,avery.mercer@acme-fake.test,Taylor Calder,N,206,1288,4531,3233,N,,,,,Aligned on billing and renewal terms.,,casey.mercer@demomail.test,,Reviewed performance and gathered feedback.,morgan.brooks@demomail.test,rahul.ivanov@acme-fake.test,N,Delta,Discussed timeline and next steps with the account.,,Standard,,,Standard,,2024-10-20 21:38:00,859,2251,Standard,Other,Beta,Delta,2235,5748,4859,6285,3187,Gamma,Marco Mensah,Reese Blake,2022-10-31 23:50:00,3270,,,,,,,,,,,,,
700412,100543,Resource Care,100168,Customer Success Check-In,Final,Y,Y,Discussed timeline and next steps with the account.,100645,Riley Sloan,N,,5.5,5.2,100126,N,7.5,How is communication with your team?,Some concerns about turnaround time.,6.5,7.2,Other,Y,3.0,4.0,2.6,4.1,1.0,9.8,8.7,,,Y,,100676,Noah Costa,2024-07-26 07:23:00,morgan.larsson@acme-fake.test,,2023-09-29 15:19:00,nina.kim@examplecorp.test,,,,,avery.reyes@acme-fake.test,Priya Larsson,sofia.kim@sampleco.test,Drew Garcia,Standard,100340,N,Other,rahul.okafor@acme-fake.test,Elena Nguyen,Y,814,4951,6204,6756,Y,,,,,Scheduled a check-in for the coming month.,,yara.dorsey@sampleco.test,,Shared the updated proposal for review.,drew.ashby@demomail.test,priya.cohen@acme-fake.test,Y,,,,,,,,,2025-08-16 05:57:00,6066,3880,Alpha,Gamma,Gamma,Delta,7366,1908,2913,2300,4489,Alpha,Omar Patel,Omar Rossi,2025-01-21 07:42:00,,,,,,,,,,,,,,
700413,100771,Customer Management,100099,Wellness Check-In,Final,Y,Y,Discussed timeline and next steps with the account.,100792,Quinn Silva,Y,,1.2,4.4,100496,N,4.4,Are deliverables meeting expectations?,Exceeding expectations.,6.6,2.3,Beta,Y,6.2,7.5,8.1,9.3,4.4,10.0,5.2,,,N,,100503,Drew Okafor,2025-11-29 21:23:00,mei.calder@demomail.test,,2023-06-13 08:30:00,arjun.cohen@demomail.test,Noah Brooks,,,,elena.dorsey@sampleco.test,Casey Nguyen,rahul.reyes@acme-fake.test,Emerson Sloan,Standard,100548,N,Alpha,drew.vance@sampleco.test,Marco Cohen,N,8839,7796,9361,8177,N,,,,,Aligned on billing and renewal terms.,,diego.ford@demomail.test,,Followed up on the open items from last week.,morgan.larsson@demomail.test,avery.sloan@demomail.test,N,Beta,Aligned on billing and renewal terms.,,Standard,,,,,2022-11-27 18:18:00,6176,2505,Other,Other,Standard,Other,9558,3230,2740,20,2736,Other,Arjun Okafor,Yara Calder,2023-09-13 11:33:00,9423,,,,,,,,,,,,,
700414,100200,Customer Management,100119,Wellness Check-In,Draft,N,N,Shared the updated proposal for review.,100798,Rowan Patel,N,,9.4,4.4,100395,N,6.0,Any concerns we should address?,Very satisfied overall.,4.2,1.3,Other,N,4.4,9.0,9.3,5.9,3.4,1.7,9.0,,,N,,100563,Reese Blake,2024-05-26 13:23:00,noah.cohen@demomail.test,,2023-11-10 21:28:00,yara.costa@examplecorp.test,,,Delta,,quinn.ashby@demomail.test,Chen Rossi,casey.whitfield@demomail.test,Mei Ivanov,Delta,100075,N,Other,emerson.larsson@demomail.test,Fatima Sato,Y,4439,4378,3207,2348,N,,,,,Aligned on billing and renewal terms.,,arjun.kim@examplecorp.test,,Noted a concern to revisit at the next sync.,riley.cohen@sampleco.test,arjun.larsson@examplecorp.test,Y,,Followed up on the open items from last week.,,,,,,,2026-03-06 09:06:00,2440,8583,Beta,Delta,Alpha,Beta,710,670,5681,8067,8316,Alpha,Mei Vance,Nina Vance,2025-01-27 06:07:00,,,,,,,,,,,,,,
700415,100722,Customer Management,100596,Quarterly Review,Final,N,Y,Followed up on the open items from last week.,100421,Yara Dorsey,N,,2.4,1.3,100601,Y,6.9,How likely are you to continue the engagement?,"Going well, minor tweaks needed.",6.3,8.3,Alpha,N,3.5,8.3,5.9,8.0,9.7,1.2,4.5,,,N,,100638,Aisha Dorsey,2024-08-06 11:15:00,riley.cohen@demomail.test,,2026-03-08 19:34:00,drew.dorsey@demomail.test,,,Gamma,,elena.garcia@demomail.test,Alex Dorsey,elena.cohen@acme-fake.test,Nina Rossi,Other,100403,Y,Alpha,sofia.sloan@examplecorp.test,Jordan Okafor,Y,963,8403,2480,7026,N,,,,,Followed up on the open items from last week.,,nina.brooks@examplecorp.test,Other,Followed up on the open items from last week.,taylor.blake@demomail.test,omar.larsson@examplecorp.test,N,,,,,,,,,2025-03-23 14:57:00,2089,1404,Gamma,Standard,Beta,Alpha,5435,4270,8605,5833,3271,Other,Nina Costa,Taylor Rossi,2024-12-01 18:14:00,,,,,,,,,,,,,,
700416,100628,Resource Care,100153,Customer Success Check-In,Final,N,N,Reviewed performance and gathered feedback.,100313,Yara Nguyen,N,,4.6,4.3,100069,N,4.2,Any concerns we should address?,"Going well, minor tweaks needed.",4.3,7.9,Standard,N,3.7,3.1,2.7,2.1,1.7,1.3,6.8,,,Y,,100177,Diego Silva,2022-11-23 14:10:00,quinn.blake@demomail.test,,2024-03-20 07:17:00,rowan.silva@demomail.test,,,,,fatima.patel@acme-fake.test,Jordan Haddad,rowan.garcia@examplecorp.test,Yara Kim,Gamma,100784,Y,Delta,yara.dorsey@demomail.test,Rowan Cohen,N,3506,3788,5752,8358,Y,,,,Standard,Discussed timeline and next steps with the account.,,rowan.garcia@demomail.test,,Reviewed performance and gathered feedback.,arjun.garcia@sampleco.test,mei.ivanov@examplecorp.test,Y,,Noted a concern to revisit at the next sync.,,Other,,,,,2026-04-27 14:49:00,5101,7930,Delta,Alpha,Gamma,Alpha,1932,8289,6188,5840,9267,Alpha,Marco Mensah,Sofia Sato,2025-03-14 02:12:00,,,,,,,,9050,,,,,,
700417,100585,Resource Care,100134,Wellness Check-In,Final,N,Y,Resolved the outstanding question about scope.,100042,Marco Haddad,Y,,5.2,4.2,100293,Y,1.0,How likely are you to continue the engagement?,Happy with the progress.,5.3,2.1,Alpha,N,3.2,6.2,4.9,1.3,1.1,8.2,1.3,,,N,,100685,Rahul Vance,2025-07-05 07:07:00,riley.ivanov@acme-fake.test,,2023-03-04 21:59:00,aisha.brooks@acme-fake.test,,,Delta,,rahul.cohen@examplecorp.test,Rowan Nguyen,jordan.haddad@sampleco.test,Omar Cohen,Alpha,100398,Y,Standard,emerson.silva@acme-fake.test,Mei Silva,N,2470,26,379,3678,N,,,,,Aligned on billing and renewal terms.,,marco.vance@demomail.test,Gamma,Noted a concern to revisit at the next sync.,liam.mensah@examplecorp.test,elena.sloan@demomail.test,Y,Beta,Aligned on billing and renewal terms.,,,,,Beta,Standard,2025-01-31 15:05:00,4434,5546,Gamma,Beta,Standard,Standard,3525,4606,7234,8049,2627,Gamma,Elena Calder,Rahul Vance,2026-07-31 03:37:00,,,,,,,,,,,,,,Emerson Okafor
700418,100329,Customer Management,100588,Customer Success Check-In,Final,Y,Y,Reviewed performance and gathered feedback.,100569,Emerson Ashby,N,,6.2,6.5,100585,Y,9.0,How is communication with your team?,Exceeding expectations.,6.9,2.6,Other,Y,9.3,3.2,7.6,9.8,9.1,6.6,6.3,,,N,,100323,Fatima Silva,2023-09-26 22:05:00,elena.patel@acme-fake.test,,2024-07-11 10:57:00,casey.larsson@examplecorp.test,,,,,sofia.cohen@acme-fake.test,Arjun Costa,emerson.kim@acme-fake.test,Avery Ashby,Standard,100548,Y,Other,avery.whitfield@examplecorp.test,Omar Okafor,N,3821,8294,3470,1739,Y,,,,,Resolved the outstanding question about scope.,,jordan.sato@examplecorp.test,,Reviewed performance and gathered feedback.,quinn.dorsey@sampleco.test,diego.ivanov@acme-fake.test,N,Standard,,,,,Noah Dorsey,Gamma,,2024-08-04 12:57:00,26,5089,Gamma,Other,Alpha,Other,6413,3543,8160,8848,1013,Standard,Jordan Vance,Mei Cohen,2023-02-27 16:46:00,,,,,,,,,,,,,,
700419,100009,Customer Management,100542,Customer Success Check-In,Final,Y,N,Resolved the outstanding question about scope.,100479,Priya Ford,Y,,2.1,2.1,100722,Y,8.8,Any concerns we should address?,Some concerns about turnaround time.,3.4,1.8,Gamma,Y,9.5,6.7,8.0,9.3,2.3,6.7,5.6,,,N,,100281,Elena Sato,2023-07-31 23:20:00,priya.sloan@demomail.test,,2023-07-03 06:53:00,riley.costa@acme-fake.test,,,,,arjun.reyes@sampleco.test,Omar Sato,marco.reyes@demomail.test,Omar Sloan,Gamma,100429,Y,Standard,marco.ford@examplecorp.test,Morgan Garcia,N,1521,2902,5246,2986,Y,,,,,Noted a concern to revisit at the next sync.,,arjun.brooks@sampleco.test,,Noted a concern to revisit at the next sync.,riley.kim@demomail.test,morgan.sato@examplecorp.test,N,,Reviewed performance and gathered feedback.,Alpha,Gamma,,,,Delta,2024-05-26 03:22:00,2272,267,Gamma,Alpha,Gamma,Beta,3066,5798,4339,8967,1781,Other,Elena Ivanov,Diego Whitfield,2024-02-28 20:54:00,,,,,,,,,,,,,,
700420,100445,Customer Management,100803,Customer Success Check-In,Final,Y,Y,Scheduled a check-in for the coming month.,100571,Aisha Ashby,Y,,8.9,5.3,100008,N,9.7,Any concerns we should address?,"Neutral, watching closely.",5.3,3.1,Delta,N,9.6,3.5,9.7,4.1,3.8,3.0,4.2,,,N,,100649,Chen Silva,2025-06-30 09:00:00,rahul.ashby@demomail.test,,2024-11-04 16:37:00,jordan.mercer@examplecorp.test,,,,,liam.vance@examplecorp.test,Elena Ford,taylor.cohen@acme-fake.test,Sofia Patel,Alpha,100738,N,Other,riley.calder@sampleco.test,Riley Brooks,N,3775,9620,9722,4271,N,,,,,Discussed timeline and next steps with the account.,,sofia.haddad@examplecorp.test,,Followed up on the open items from last week.,elena.costa@examplecorp.test,elena.calder@examplecorp.test,N,,,,,,,,Delta,2024-10-24 23:44:00,5075,7649,Alpha,Beta,Alpha,Standard,1484,3649,9666,3224,3850,Other,Mei Vance,Nina Whitfield,2025-09-21 03:31:00,,,,,Gamma,,,,,,,,,
700421,100143,Customer Management,100552,Customer Success Check-In,Draft,N,Y,Followed up on the open items from last week.,100053,Sofia Kim,Y,,3.8,7.4,100083,Y,3.2,How is communication with your team?,Exceeding expectations.,9.5,2.9,Gamma,Y,5.9,9.5,5.3,3.4,2.4,5.1,5.5,,,N,,100800,Noah Rossi,2023-03-07 08:44:00,yara.cohen@acme-fake.test,,2025-01-03 17:13:00,reese.okafor@sampleco.test,,,,,quinn.ashby@acme-fake.test,Alex Reyes,aisha.kim@acme-fake.test,Elena Calder,Alpha,100523,N,Standard,skyler.sloan@examplecorp.test,Arjun Ford,Y,8542,5593,6057,381,N,,,,,Shared the updated proposal for review.,,fatima.okafor@acme-fake.test,,Reviewed performance and gathered feedback.,reese.silva@examplecorp.test,morgan.ivanov@examplecorp.test,N,,,Delta,,,,,Standard,2024-07-07 15:51:00,250,8080,Delta,Standard,Gamma,Beta,7426,493,9464,4641,7561,Standard,Rowan Larsson,Fatima Patel,2025-05-03 00:21:00,,,,,,,,,,3225,,,,
700422,100217,Customer Management,100099,Wellness Check-In,Final,N,Y,Followed up on the open items from last week.,100777,Diego Cohen,N,,9.8,8.2,100481,Y,9.5,Are deliverables meeting expectations?,"Going well, minor tweaks needed.",2.0,3.7,Standard,N,7.5,7.8,7.9,6.2,7.0,9.2,2.4,,,Y,,100704,Quinn Ashby,2024-03-31 13:14:00,casey.blake@demomail.test,,2026-01-18 15:59:00,drew.whitfield@examplecorp.test,Drew Blake,,,Omar Brooks,emerson.reyes@demomail.test,Jamie Sloan,aisha.reyes@acme-fake.test,Fatima Vance,Delta,100376,N,Gamma,arjun.kim@examplecorp.test,Avery Brooks,N,6054,2933,5948,2221,Y,,,,,Shared the updated proposal for review.,,liam.silva@demomail.test,,Resolved the outstanding question about scope.,elena.whitfield@examplecorp.test,rahul.vance@acme-fake.test,Y,Alpha,,,,,,,,2025-03-09 04:59:00,740,9662,Standard,Delta,Beta,Other,3613,4559,9787,3357,587,Beta,Aisha Mercer,Rahul Costa,2023-11-03 20:48:00,,,,,,,,,,,,,,
700423,100604,Customer Management,100424,Wellness Check-In,Draft,Y,N,Resolved the outstanding question about scope.,100699,Noah Mercer,Y,,5.3,5.1,100603,Y,6.4,Any concerns we should address?,"Going well, minor tweaks needed.",6.9,2.4,Delta,Y,7.1,8.4,4.8,4.2,6.9,2.0,8.0,,,N,,100473,Jamie Cohen,2023-05-22 11:07:00,rowan.sloan@examplecorp.test,,2024-03-18 02:07:00,noah.dorsey@examplecorp.test,,,,,diego.cohen@acme-fake.test,Arjun Mercer,elena.blake@examplecorp.test,Alex Nguyen,Gamma,100353,N,Standard,noah.cohen@acme-fake.test,Aisha Ford,N,5861,1368,5506,4549,Y,,,,,Reviewed performance and gathered feedback.,,arjun.garcia@examplecorp.test,,Shared the updated proposal for review.,elena.brooks@sampleco.test,riley.larsson@sampleco.test,N,,,,,,,,,2023-02-10 14:27:00,2035,1874,Delta,Alpha,Other,Alpha,7233,5980,733,8790,7737,Alpha,Diego Vance,Quinn Kim,2023-12-15 08:35:00,,,,,,,,,,,,,,
700424,100091,Customer Management,100269,Wellness Check-In,Final,N,N,Followed up on the open items from last week.,100421,Yara Blake,N,,5.8,2.4,100731,Y,7.6,Any concerns we should address?,Some concerns about turnaround time.,7.2,7.8,Alpha,N,7.8,3.6,4.7,3.0,4.6,7.4,9.1,,,Y,,100099,Reese Haddad,2025-07-24 09:14:00,diego.blake@demomail.test,,2025-09-18 18:11:00,emerson.mensah@acme-fake.test,Mei Sloan,,,Nina Mensah,chen.kim@examplecorp.test,Omar Garcia,skyler.ford@acme-fake.test,Jordan Sloan,Beta,100782,N,Other,sofia.sloan@demomail.test,Elena Larsson,Y,4253,6637,5847,7596,Y,,,,,Shared the updated proposal for review.,,noah.ivanov@sampleco.test,,Resolved the outstanding question about scope.,skyler.nguyen@examplecorp.test,aisha.calder@examplecorp.test,N,,Scheduled a check-in for the coming month.,Other,,,,,,2025-07-05 23:32:00,8289,8039,Beta,Other,Delta,Beta,3390,1642,8172,2879,3028,Beta,Casey Ashby,Fatima Nguyen,2024-12-12 23:37:00,,,,,,,,,,,,,,
700425,100359,Customer Management,100017,Quarterly Review,Final,Y,N,Shared the updated proposal for review.,100374,Avery Nguyen,Y,,9.8,6.4,100213,Y,7.1,Any concerns we should address?,Some concerns about turnaround time.,7.1,2.7,Alpha,Y,5.0,6.2,8.0,4.8,5.3,2.5,6.5,,,Y,,100429,Elena Silva,2023-08-03 19:37:00,morgan.whitfield@examplecorp.test,,2024-06-18 01:22:00,rahul.mensah@acme-fake.test,,,Beta,,omar.patel@sampleco.test,Omar Kim,drew.ivanov@acme-fake.test,Drew Kim,Other,100139,Y,Alpha,rahul.nguyen@examplecorp.test,Skyler Ivanov,Y,5952,9047,2925,5258,Y,Standard,,,,Shared the updated proposal for review.,,emerson.reyes@examplecorp.test,,Aligned on billing and renewal terms.,riley.costa@acme-fake.test,elena.garcia@demomail.test,N,,,Standard,,,,,Beta,2023-02-28 14:54:00,8540,5580,Other,Alpha,Beta,Standard,7558,9938,2308,8998,284,Gamma,Noah Ford,Aisha Larsson,2023-04-27 08:37:00,,,,,,,,,,,,,,
700426,100344,Resource Care,100103,Customer Success Check-In,Final,Y,Y,Noted a concern to revisit at the next sync.,100352,Reese Ivanov,Y,,4.9,3.4,100236,Y,8.9,Any concerns we should address?,Some concerns about turnaround time.,9.5,6.9,Delta,Y,1.2,9.6,9.1,6.1,4.4,9.7,2.6,,,Y,,100582,Elena Sloan,2024-04-06 16:47:00,aisha.garcia@acme-fake.test,,2024-05-18 03:42:00,yara.reyes@demomail.test,,,Alpha,,marco.mensah@examplecorp.test,Liam Nguyen,chen.costa@examplecorp.test,Mei Blake,Beta,100596,N,Alpha,mei.larsson@demomail.test,Liam Blake,N,7389,2501,1997,3864,Y,,,,,Scheduled a check-in for the coming month.,,casey.brooks@acme-fake.test,,Discussed timeline and next steps with the account.,chen.sloan@demomail.test,noah.mercer@sampleco.test,N,,,Standard,,,,,Beta,2022-10-15 19:42:00,485,2909,Gamma,Standard,Beta,Beta,1201,866,4374,1647,3653,Delta,Aisha Brooks,Morgan Garcia,2025-03-21 17:43:00,,,,,,,,,,,,,,
700427,100126,Resource Care,100344,Quarterly Review,Final,N,N,Discussed timeline and next steps with the account.,100208,Sofia Rossi,N,,4.0,8.9,100518,N,1.2,How is communication with your team?,"Neutral, watching closely.",8.6,7.4,Standard,N,4.5,6.4,6.0,4.8,8.2,3.1,6.3,,,N,,100342,Jamie Ford,2024-12-01 21:01:00,noah.patel@sampleco.test,,2024-07-22 21:21:00,casey.whitfield@examplecorp.test,,,Delta,,elena.blake@demomail.test,Nina Mercer,jordan.ford@examplecorp.test,Avery Calder,Standard,100348,Y,Delta,marco.garcia@acme-fake.test,Liam Garcia,Y,5433,2791,6475,4614,N,,,,,Followed up on the open items from last week.,,mei.silva@demomail.test,,Shared the updated proposal for review.,sofia.cohen@demomail.test,aisha.calder@demomail.test,N,Other,,,,Alpha,,Delta,,2023-05-10 02:43:00,4688,3334,Beta,Other,Other,Gamma,1501,5858,4761,4194,9479,Standard,Noah Blake,Casey Whitfield,2023-08-31 17:50:00,,,,,,,,,,,,,,
700428,100686,Resource Care,100469,Quarterly Review,Final,N,Y,Scheduled a check-in for the coming month.,100516,Casey Haddad,N,,7.5,4.7,100734,Y,5.6,Are deliverables meeting expectations?,"Neutral, watching closely.",2.5,3.8,Alpha,Y,8.3,5.3,3.7,1.8,5.4,3.6,2.3,,,N,,100141,Skyler Haddad,2023-05-23 18:12:00,riley.haddad@acme-fake.test,,2024-03-12 22:49:00,reese.nguyen@acme-fake.test,Mei Kim,,,,marco.blake@demomail.test,Rahul Whitfield,casey.vance@examplecorp.test,Omar Patel,Standard,100587,N,Gamma,quinn.blake@demomail.test,Liam Mensah,N,9123,4599,4163,3030,Y,,,,,Noted a concern to revisit at the next sync.,,morgan.dorsey@sampleco.test,,Shared the updated proposal for review.,reese.ford@examplecorp.test,nina.calder@examplecorp.test,N,,Scheduled a check-in for the coming month.,,,,,,,2022-10-30 04:16:00,2567,3274,Other,Alpha,Delta,Beta,145,7289,9530,3484,3591,Other,Marco Haddad,Aisha Calder,2025-07-28 01:15:00,,,,,,,,,,,,,,
700429,100410,Customer Management,100772,Wellness Check-In,Final,Y,N,Noted a concern to revisit at the next sync.,100386,Sofia Silva,Y,,6.2,5.1,100686,N,1.5,Any concerns we should address?,Happy with the progress.,3.0,9.6,Other,N,5.6,3.1,4.3,1.6,2.1,9.1,6.4,,,Y,,100522,Priya Ford,2025-07-16 08:24:00,sofia.mercer@demomail.test,,2023-08-30 00:53:00,reese.larsson@demomail.test,,,,Taylor Mercer,arjun.calder@sampleco.test,Fatima Larsson,fatima.costa@sampleco.test,Sofia Larsson,Delta,100383,Y,Delta,diego.kim@demomail.test,Rahul Sloan,N,4898,153,1584,7177,Y,,,,,Shared the updated proposal for review.,,sofia.ford@acme-fake.test,,Scheduled a check-in for the coming month.,omar.ford@acme-fake.test,reese.sato@demomail.test,N,,,,,,,,,2025-08-23 08:13:00,6262,4037,Alpha,Delta,Beta,Delta,3574,9915,3756,8826,2543,Beta,Alex Calder,Aisha Mensah,2023-03-01 04:09:00,,,,,,,,,,,,,,
700430,100066,Resource Care,100620,Quarterly Review,Draft,Y,Y,Aligned on billing and renewal terms.,100182,Omar Kim,Y,,4.1,4.8,100339,Y,4.2,Are deliverables meeting expectations?,Very satisfied overall.,5.6,5.7,Standard,Y,2.5,2.3,5.8,4.3,9.0,6.0,5.1,,,N,,100591,Noah Cohen,2026-01-21 17:07:00,fatima.ashby@demomail.test,,2025-02-11 01:12:00,diego.sloan@demomail.test,,,,,alex.ashby@sampleco.test,Morgan Brooks,alex.ashby@demomail.test,Sofia Patel,Delta,100576,N,Beta,skyler.cohen@acme-fake.test,Fatima Ivanov,Y,8550,442,6936,513,Y,,,,,Scheduled a check-in for the coming month.,,taylor.haddad@sampleco.test,,Resolved the outstanding question about scope.,riley.dorsey@examplecorp.test,chen.calder@examplecorp.test,N,,,,,Delta,,,,2023-03-06 00:39:00,6890,434,Delta,Standard,Other,Other,8368,1598,8090,1921,8836,Beta,Liam Sloan,Reese Sloan,2023-01-04 13:42:00,,,,,,,,,,,,,,
700431,100601,Customer Management,100440,Wellness Check-In,Final,Y,Y,Resolved the outstanding question about scope.,100291,Riley Whitfield,Y,,1.5,3.0,100603,Y,6.2,How likely are you to continue the engagement?,Very satisfied overall.,4.9,7.1,Beta,N,9.8,9.7,6.5,3.7,8.2,9.4,6.3,,,N,,100753,Quinn Garcia,2024-08-08 17:13:00,alex.ford@demomail.test,,2026-04-20 02:25:00,chen.nguyen@sampleco.test,,,,,diego.reyes@examplecorp.test,Emerson Sato,reese.vance@acme-fake.test,Drew Nguyen,Gamma,100334,N,Other,casey.patel@examplecorp.test,Aisha Silva,N,8622,5911,7321,7939,Y,,,,,Aligned on billing and renewal terms.,,arjun.haddad@acme-fake.test,,Scheduled a check-in for the coming month.,yara.ivanov@examplecorp.test,chen.ivanov@sampleco.test,Y,Beta,,Alpha,,,,,Alpha,2023-11-02 07:38:00,8510,6231,Other,Beta,Other,Beta,9824,8184,3290,3295,3274,Beta,Noah Costa,Jordan Kim,2024-09-18 05:13:00,,,,,,,,,,,,,,
700432,100598,Customer Management,100484,Customer Success Check-In,Final,N,N,Aligned on billing and renewal terms.,100332,Emerson Haddad,N,,5.0,8.3,100217,Y,4.5,Any concerns we should address?,"Neutral, watching closely.",2.3,2.0,Gamma,N,4.2,3.9,7.7,4.8,3.7,3.5,2.9,,,N,,100115,Rowan Mercer,2024-11-15 16:39:00,drew.ashby@examplecorp.test,,2024-06-20 21:52:00,skyler.ivanov@demomail.test,,,,,elena.silva@sampleco.test,Yara Blake,fatima.reyes@examplecorp.test,Rahul Kim,Other,100265,N,Delta,marco.mensah@demomail.test,Marco Dorsey,Y,9980,1270,93,3861,N,,,,,Discussed timeline and next steps with the account.,Marco Garcia,nina.larsson@examplecorp.test,,Shared the updated proposal for review.,jamie.larsson@demomail.test,avery.patel@demomail.test,N,,,,,,,,,2025-05-25 09:20:00,7149,9024,Beta,Gamma,Other,Delta,5660,9006,6825,7288,1087,Other,Sofia Blake,Omar Ivanov,2025-12-29 13:00:00,,,,,,,,,,,,,,
700433,100672,Customer Management,100538,Quarterly Review,Final,N,N,Discussed timeline and next steps with the account.,100360,Jamie Dorsey,Y,,9.0,9.5,100782,N,9.7,Any concerns we should address?,Happy with the progress.,1.0,4.1,Delta,N,5.6,1.9,4.3,9.0,7.9,6.0,2.0,,,N,,100343,Riley Vance,2025-08-09 13:21:00,mei.patel@acme-fake.test,,2024-05-15 06:55:00,omar.mensah@acme-fake.test,,,Gamma,,sofia.mercer@acme-fake.test,Emerson Blake,jamie.dorsey@acme-fake.test,Taylor Mercer,Other,100060,N,Standard,alex.silva@examplecorp.test,Aisha Brooks,Y,4769,2001,7656,6646,Y,,,,,Discussed timeline and next steps with the account.,,liam.silva@demomail.test,,Aligned on billing and renewal terms.,noah.mercer@sampleco.test,rowan.larsson@examplecorp.test,Y,,,,,,,,,2023-04-01 07:15:00,9578,5332,Gamma,Beta,Alpha,Standard,5269,9173,6255,9806,258,Gamma,Omar Larsson,Rahul Costa,2024-07-18 01:36:00,,,,,,,,,,,,,,
700434,100526,Customer Management,100696,Customer Success Check-In,Draft,Y,Y,Followed up on the open items from last week.,100066,Jordan Larsson,N,,5.5,1.1,100012,N,6.1,How likely are you to continue the engagement?,"Neutral, watching closely.",3.4,8.0,Delta,N,1.7,3.1,6.4,6.8,6.6,5.9,3.5,,,Y,,100559,Fatima Ford,2023-09-27 19:05:00,rahul.kim@acme-fake.test,,2026-03-01 05:39:00,alex.dorsey@examplecorp.test,Jordan Sloan,,,Fatima Whitfield,diego.reyes@sampleco.test,Jamie Reyes,chen.sloan@demomail.test,Riley Ivanov,Alpha,100490,Y,Other,riley.haddad@demomail.test,Chen Mercer,Y,8626,7482,9187,94,Y,,,,,Scheduled a check-in for the coming month.,,morgan.mercer@acme-fake.test,,Reviewed performance and gathered feedback.,drew.patel@acme-fake.test,arjun.ashby@sampleco.test,N,,,,,,,Other,,2025-06-14 09:11:00,3541,8648,Alpha,Alpha,Standard,Gamma,7311,4829,55,584,8253,Alpha,Emerson Mercer,Rowan Garcia,2026-05-06 18:38:00,,,,,,,,,,,,,,
700435,100380,Customer Management,100206,Customer Success Check-In,Final,Y,N,Shared the updated proposal for review.,100772,Skyler Vance,Y,,9.7,5.4,100679,Y,1.6,Are deliverables meeting expectations?,Happy with the progress.,8.2,3.3,Gamma,N,4.7,1.9,3.6,5.3,5.1,9.7,3.1,,,Y,,100513,Priya Haddad,2022-11-13 04:03:00,skyler.cohen@examplecorp.test,,2025-08-13 19:29:00,jamie.dorsey@sampleco.test,,,Standard,Reese Ford,jordan.mercer@examplecorp.test,Aisha Mensah,riley.sato@examplecorp.test,Aisha Blake,Other,100285,N,Standard,diego.mercer@acme-fake.test,Chen Silva,Y,2091,6,930,6425,Y,,,,,Discussed timeline and next steps with the account.,,jordan.calder@demomail.test,,Discussed timeline and next steps with the account.,skyler.mensah@sampleco.test,mei.cohen@demomail.test,Y,,,,,,,,,2025-02-14 01:21:00,4744,6137,Delta,Alpha,Other,Gamma,5598,6361,6020,9687,3535,Alpha,Omar Ashby,Yara Okafor,2025-06-30 12:36:00,,,,,,,,,,,,,,
700436,100122,Customer Management,100658,Customer Success Check-In,Draft,N,Y,Noted a concern to revisit at the next sync.,100400,Liam Ivanov,N,,6.1,10.0,100482,N,4.6,How likely are you to continue the engagement?,Some concerns about turnaround time.,6.9,9.4,Gamma,N,4.5,9.4,10.0,2.1,8.2,4.4,6.5,,,Y,,100020,Morgan Mercer,2024-03-24 05:23:00,emerson.mensah@sampleco.test,,2026-05-25 21:05:00,jamie.kim@examplecorp.test,,,,Jordan Blake,riley.reyes@sampleco.test,Drew Larsson,arjun.mercer@acme-fake.test,Noah Calder,Alpha,100151,N,Delta,taylor.vance@demomail.test,Diego Mercer,N,1814,1244,6611,7272,Y,,Other,,,Shared the updated proposal for review.,,avery.dorsey@examplecorp.test,,Aligned on billing and renewal terms.,morgan.brooks@acme-fake.test,quinn.vance@demomail.test,N,,Discussed timeline and next steps with the account.,,,Standard,,,,2023-05-13 10:02:00,4811,1461,Other,Standard,Other,Other,2700,4940,8580,7499,494,Beta,Reese Vance,Elena Sloan,2025-08-31 01:14:00,,,,,,,,,,,,,,
700437,100744,Resource Care,100596,Customer Success Check-In,Final,Y,Y,Discussed timeline and next steps with the account.,100037,Sofia Vance,N,,5.4,1.2,100103,Y,3.9,How likely are you to continue the engagement?,Exceeding expectations.,6.2,2.2,Alpha,N,5.9,3.9,7.2,8.4,9.8,5.5,6.1,,,Y,,100232,Reese Mensah,2023-03-30 06:39:00,liam.larsson@sampleco.test,,2026-04-08 15:32:00,quinn.reyes@demomail.test,,,Standard,,taylor.silva@demomail.test,Aisha Whitfield,morgan.reyes@examplecorp.test,Jordan Reyes,Delta,100386,N,Delta,noah.ivanov@acme-fake.test,Chen Whitfield,Y,1594,9316,8802,8788,Y,,,,,Followed up on the open items from last week.,,priya.dorsey@demomail.test,,Aligned on billing and renewal terms.,morgan.haddad@acme-fake.test,aisha.mercer@sampleco.test,Y,,,,,,,,,2023-12-27 06:42:00,4780,3767,Gamma,Delta,Gamma,Alpha,2027,9741,9650,3138,1826,Standard,Aisha Vance,Elena Cohen,2023-03-13 18:01:00,,,,,,,,,,,,,,
700438,100513,Customer Management,100291,Quarterly Review,Final,N,Y,Resolved the outstanding question about scope.,100168,Emerson Haddad,N,,8.4,7.4,100758,N,8.1,Any concerns we should address?,Some concerns about turnaround time.,3.0,3.7,Alpha,Y,6.5,3.7,1.1,6.6,6.9,9.2,7.6,,,N,,100203,Riley Okafor,2023-07-13 18:42:00,sofia.silva@examplecorp.test,,2024-01-22 07:57:00,liam.costa@examplecorp.test,,,,Chen Haddad,marco.ford@examplecorp.test,Avery Ivanov,skyler.kim@examplecorp.test,Liam Nguyen,Standard,100197,Y,Gamma,riley.vance@demomail.test,Diego Nguyen,Y,9090,3847,2752,3208,Y,,,,,Followed up on the open items from last week.,,noah.okafor@examplecorp.test,,Followed up on the open items from last week.,riley.ashby@sampleco.test,quinn.patel@sampleco.test,N,,,,,,,,,2023-04-30 09:12:00,6872,7534,Beta,Beta,Delta,Alpha,7725,6485,8523,5057,9385,Gamma,Rowan Larsson,Jamie Vance,2025-06-02 01:24:00,,,,,,,,,,,,,,
700439,100146,Customer Management,100742,Customer Success Check-In,Final,N,N,Aligned on billing and renewal terms.,100696,Noah Brooks,N,,7.3,3.7,100383,Y,5.0,Are deliverables meeting expectations?,"Neutral, watching closely.",6.9,5.3,Other,Y,1.8,7.6,1.3,1.5,5.2,8.7,8.3,,,N,,100535,Marco Rossi,2024-09-29 04:00:00,arjun.whitfield@acme-fake.test,Reese Patel,2023-01-19 04:53:00,elena.kim@acme-fake.test,Chen Sloan,,,,rowan.sato@demomail.test,Taylor Nguyen,liam.dorsey@sampleco.test,Omar Mensah,Gamma,100548,Y,Other,chen.cohen@sampleco.test,Jordan Ivanov,Y,5166,7253,5162,1121,Y,,,,,Shared the updated proposal for review.,,liam.ivanov@sampleco.test,Standard,Discussed timeline and next steps with the account.,chen.nguyen@sampleco.test,casey.ford@sampleco.test,N,,,,Gamma,,,,,2025-01-29 17:40:00,6873,3478,Delta,Alpha,Other,Delta,9820,4787,253,1182,3083,Delta,Mei Silva,Elena Ford,2026-07-25 19:51:00,,,,Standard,,,,,,,,,,
700440,100026,Resource Care,100729,Wellness Check-In,Final,Y,N,Noted a concern to revisit at the next sync.,100343,Alex Okafor,N,,9.0,3.9,100115,Y,6.8,How is communication with your team?,"Neutral, watching closely.",4.8,4.6,Delta,N,6.2,5.0,7.2,9.7,3.5,9.0,5.3,,,N,,100470,Diego Whitfield,2024-09-11 03:58:00,elena.larsson@acme-fake.test,,2025-04-24 23:21:00,alex.sloan@examplecorp.test,,,,,jamie.reyes@demomail.test,Liam Rossi,omar.patel@sampleco.test,Liam Larsson,Standard,100298,N,Gamma,emerson.okafor@examplecorp.test,Diego Reyes,N,7442,1742,9810,6683,Y,Gamma,,,,Reviewed performance and gathered feedback.,,emerson.costa@demomail.test,,Resolved the outstanding question about scope.,casey.sloan@acme-fake.test,sofia.nguyen@sampleco.test,N,Gamma,,,,,Liam Calder,Alpha,,2026-01-30 03:55:00,3540,5292,Standard,Delta,Beta,Alpha,6155,8056,38,4083,9905,Beta,Emerson Calder,Liam Whitfield,2026-06-22 08:24:00,,,,,,,,,,,4627,,,
700441,100188,Customer Management,100699,Wellness Check-In,Final,Y,Y,Noted a concern to revisit at the next sync.,100282,Quinn Larsson,N,,6.4,4.8,100339,N,8.8,How satisfied are you with the service?,Happy with the progress.,6.3,3.2,Alpha,N,4.6,9.6,5.0,5.3,5.6,5.0,5.2,,,Y,,100645,Reese Blake,2024-05-15 12:57:00,jordan.silva@demomail.test,,2024-12-22 07:30:00,elena.mercer@examplecorp.test,Quinn Okafor,,Delta,,noah.vance@sampleco.test,Quinn Calder,avery.larsson@examplecorp.test,Diego Mercer,Alpha,100383,Y,Beta,mei.haddad@demomail.test,Elena Mercer,N,2852,1079,2585,4032,N,,,,,Shared the updated proposal for review.,,jamie.silva@demomail.test,,Reviewed performance and gathered feedback.,omar.garcia@sampleco.test,arjun.nguyen@sampleco.test,N,,,,,Beta,,,,2026-03-19 08:26:00,1586,474,Beta,Beta,Standard,Gamma,7616,2115,1938,1028,173,Standard,Priya Vance,Jamie Garcia,2026-03-31 02:59:00,,,,,,,,,,,,,,
700442,100788,Customer Management,100551,Customer Success Check-In,Final,Y,Y,Shared the updated proposal for review.,100180,Omar Cohen,N,,3.0,8.9,100120,N,3.2,Any concerns we should address?,Very satisfied overall.,6.9,7.7,Standard,N,3.8,3.6,6.7,1.7,4.3,6.5,8.2,,,N,,100459,Riley Sato,2022-11-02 23:34:00,mei.costa@examplecorp.test,,2025-05-10 09:22:00,marco.brooks@examplecorp.test,,,,,sofia.silva@examplecorp.test,Riley Costa,elena.mercer@demomail.test,Riley Ashby,Alpha,100645,Y,Delta,casey.okafor@sampleco.test,Yara Ashby,Y,777,1337,4960,332,N,,,,,Reviewed performance and gathered feedback.,,marco.larsson@acme-fake.test,,Aligned on billing and renewal terms.,fatima.whitfield@demomail.test,riley.blake@acme-fake.test,Y,,,Gamma,,,,,,2024-10-24 17:02:00,1138,5329,Alpha,Delta,Other,Delta,2564,960,8527,3122,6207,Gamma,Sofia Garcia,Liam Cohen,2024-12-24 15:19:00,,,,,,,,,,,,,,
700443,100734,Resource Care,100692,Customer Success Check-In,Final,N,N,Followed up on the open items from last week.,100044,Casey Garcia,Y,,6.3,9.0,100571,N,4.6,Any concerns we should address?,"Going well, minor tweaks needed.",7.7,6.7,Alpha,N,3.1,10.0,1.4,5.2,8.9,1.0,6.4,,,Y,,100742,Drew Nguyen,2024-02-06 05:53:00,noah.nguyen@examplecorp.test,,2026-03-01 08:05:00,liam.rossi@demomail.test,,,,,omar.reyes@examplecorp.test,Marco Dorsey,mei.rossi@acme-fake.test,Skyler Blake,Gamma,100091,Y,Other,arjun.ashby@examplecorp.test,Omar Okafor,Y,2865,4510,1333,8144,Y,,,,,Resolved the outstanding question about scope.,,reese.haddad@acme-fake.test,,Followed up on the open items from last week.,taylor.blake@acme-fake.test,casey.haddad@examplecorp.test,Y,,Reviewed performance and gathered feedback.,,,,,,,2024-11-17 11:34:00,2757,2513,Gamma,Alpha,Other,Standard,399,2285,4911,9843,5783,Delta,Chen Whitfield,Avery Mercer,2023-08-04 23:30:00,,,,,,,,,,,,,,
700444,100607,Customer Management,100788,Quarterly Review,Final,N,N,Aligned on billing and renewal terms.,100255,Jamie Okafor,N,,6.9,1.6,100156,Y,6.6,Any concerns we should address?,"Neutral, watching closely.",5.1,7.5,Delta,Y,3.7,9.6,7.0,5.9,7.3,4.9,3.3,,,N,,100452,Riley Calder,2025-12-11 00:49:00,yara.dorsey@examplecorp.test,,2026-03-31 23:44:00,jamie.kim@sampleco.test,,,,,avery.haddad@sampleco.test,Mei Vance,yara.blake@acme-fake.test,Rowan Kim,Standard,100720,N,Standard,drew.larsson@sampleco.test,Rowan Mensah,N,588,2932,2443,4830,Y,,,,,Scheduled a check-in for the coming month.,,jamie.blake@demomail.test,Other,Shared the updated proposal for review.,arjun.brooks@demomail.test,nina.okafor@acme-fake.test,Y,Beta,Resolved the outstanding question about scope.,Beta,,,,,,2026-06-18 18:33:00,9743,3734,Gamma,Other,Standard,Gamma,2359,7660,5797,1766,2426,Alpha,Noah Sloan,Elena Cohen,2025-11-27 08:22:00,,,,,,,,,,,,,,
700445,100254,Customer Management,100631,Quarterly Review,Final,Y,N,Followed up on the open items from last week.,100182,Jordan Silva,N,,2.7,8.3,100037,N,2.1,How is communication with your team?,Some concerns about turnaround time.,4.3,8.7,Other,N,1.6,6.7,8.3,6.5,3.8,7.0,2.4,,,N,,100676,Quinn Ashby,2022-12-11 06:10:00,jamie.ivanov@sampleco.test,,2023-07-07 00:17:00,rowan.nguyen@acme-fake.test,,,,,mei.reyes@examplecorp.test,Aisha Okafor,aisha.sato@examplecorp.test,Mei Rossi,Other,100462,N,Delta,casey.mensah@demomail.test,Taylor Blake,N,7586,4966,6733,6168,N,,,,,Aligned on billing and renewal terms.,,avery.sloan@sampleco.test,,Shared the updated proposal for review.,yara.mercer@demomail.test,avery.ford@examplecorp.test,Y,,,,,Delta,,,,2023-03-15 08:26:00,4253,590,Other,Standard,Delta,Alpha,9600,230,4065,5472,4140,Gamma,Skyler Mensah,Elena Garcia,2024-02-15 13:35:00,,,,,,,,,,,,,Priya Rossi,
700446,100565,Resource Care,100053,Quarterly Review,Final,Y,Y,Shared the updated proposal for review.,100692,Emerson Nguyen,N,,7.6,5.9,100774,N,5.9,Any concerns we should address?,"Neutral, watching closely.",3.9,8.4,Other,Y,1.9,4.4,9.8,5.0,7.1,8.5,2.6,,,N,,100532,Marco Brooks,2025-07-16 09:58:00,chen.silva@acme-fake.test,,2026-03-14 16:38:00,jordan.ivanov@demomail.test,Priya Kim,,Beta,,riley.kim@sampleco.test,Aisha Cohen,yara.kim@sampleco.test,Riley Okafor,Alpha,100470,Y,Other,skyler.sato@examplecorp.test,Alex Brooks,Y,4162,7962,6309,8642,N,,,,,Discussed timeline and next steps with the account.,,casey.ford@demomail.test,,Followed up on the open items from last week.,aisha.larsson@acme-fake.test,nina.reyes@demomail.test,Y,,,,Gamma,,,,,2024-04-06 07:17:00,2191,391,Delta,Standard,Gamma,Alpha,6300,7117,8663,8381,2711,Gamma,Omar Mensah,Noah Garcia,2025-07-08 23:28:00,,,,,,,,,,,,,,
700447,100164,Customer Management,100685,Customer Success Check-In,Final,N,N,Scheduled a check-in for the coming month.,100513,Rahul Ford,Y,,9.2,9.8,100360,N,2.4,How likely are you to continue the engagement?,Happy with the progress.,7.1,3.8,Beta,Y,2.7,4.0,2.7,3.2,9.3,4.3,3.5,,,N,,100587,Emerson Mercer,2026-05-08 13:01:00,jamie.larsson@examplecorp.test,,2025-10-04 06:12:00,casey.larsson@demomail.test,,,,,rowan.reyes@acme-fake.test,Alex Rossi,mei.brooks@examplecorp.test,Omar Ashby,Standard,100573,Y,Alpha,casey.calder@demomail.test,Elena Calder,Y,6874,4496,766,2106,Y,,,,,Noted a concern to revisit at the next sync.,Alex Cohen,taylor.vance@sampleco.test,,Resolved the outstanding question about scope.,omar.costa@sampleco.test,sofia.dorsey@demomail.test,N,,,,,,Reese Ford,Delta,,2025-03-02 04:43:00,674,1491,Gamma,Standard,Other,Alpha,5383,1730,9212,8048,3652,Standard,Quinn Rossi,Elena Nguyen,2026-06-08 14:48:00,,,,,,,,,,,,,,
700448,100750,Resource Care,100753,Quarterly Review,Final,Y,Y,Shared the updated proposal for review.,100569,Avery Okafor,Y,,3.6,5.1,100704,Y,2.5,Any concerns we should address?,Happy with the progress.,2.3,1.1,Beta,N,7.6,7.1,4.2,4.3,8.1,1.5,6.7,,,Y,,100641,Fatima Whitfield,2025-08-11 01:30:00,nina.mercer@examplecorp.test,,2024-11-19 11:29:00,nina.cohen@demomail.test,,,,,riley.whitfield@demomail.test,Jamie Mercer,omar.larsson@demomail.test,Chen Nguyen,Other,100238,N,Standard,marco.sloan@sampleco.test,Diego Okafor,Y,354,5638,3204,1948,Y,,,,,Shared the updated proposal for review.,,sofia.sloan@sampleco.test,,Resolved the outstanding question about scope.,taylor.ivanov@sampleco.test,drew.ivanov@sampleco.test,Y,,,Beta,,,,,,2026-04-12 04:48:00,8604,8107,Gamma,Standard,Beta,Delta,5481,9919,1281,1473,6153,Gamma,Chen Mercer,Yara Haddad,2025-06-20 01:33:00,,,,,,,,,,,,Alpha,,
700449,100731,Customer Management,100391,Quarterly Review,Final,N,N,Shared the updated proposal for review.,100029,Reese Silva,Y,,4.6,8.3,100704,Y,1.5,Are deliverables meeting expectations?,Happy with the progress.,2.9,2.8,Other,Y,5.7,9.8,4.3,9.0,6.3,5.1,7.3,,,Y,,100184,Arjun Cohen,2025-05-09 20:51:00,fatima.mercer@demomail.test,,2023-03-03 15:45:00,marco.whitfield@examplecorp.test,,,Standard,Priya Sato,jordan.ashby@demomail.test,Elena Brooks,liam.garcia@sampleco.test,Jordan Reyes,Gamma,100601,N,Other,chen.nguyen@sampleco.test,Mei Mensah,N,1893,2694,8669,7402,N,,,,,Noted a concern to revisit at the next sync.,,morgan.ivanov@sampleco.test,,Scheduled a check-in for the coming month.,rowan.blake@demomail.test,taylor.ford@examplecorp.test,N,,,,,,,Other,Alpha,2023-06-19 09:59:00,2479,6905,Standard,Gamma,Beta,Delta,3526,9840,3891,1734,3258,Other,Priya Silva,Elena Calder,2023-12-12 08:19:00,,,,,,,,,3141,,,,Rowan Whitfield,
700450,100784,Resource Care,100158,Customer Success Check-In,Final,N,Y,Followed up on the open items from last week.,100400,Riley Brooks,Y,,6.1,2.5,100645,N,5.0,How satisfied are you with the service?,Some concerns about turnaround time.,5.0,3.9,Standard,N,5.1,5.7,1.5,4.7,3.9,4.1,1.2,,,Y,,100164,Elena Larsson,2025-12-26 23:05:00,alex.calder@examplecorp.test,,2023-03-15 00:16:00,quinn.cohen@examplecorp.test,,,,,arjun.larsson@sampleco.test,Quinn Vance,emerson.rossi@sampleco.test,Rahul Whitfield,Standard,100481,N,Delta,sofia.patel@acme-fake.test,Reese Whitfield,Y,3352,9738,7253,3037,Y,,,Gamma,,Resolved the outstanding question about scope.,,diego.patel@sampleco.test,,Resolved the outstanding question about scope.,taylor.cohen@examplecorp.test,mei.whitfield@sampleco.test,Y,,,,Delta,,,,,2025-09-30 02:18:00,1071,9804,Alpha,Beta,Standard,Delta,211,1407,3844,9677,7291,Gamma,Priya Reyes,Morgan Cohen,2026-04-24 13:36:00,,,,,,,,,,,,,,
700451,100310,Customer Management,100115,Customer Success Check-In,Final,N,N,Discussed timeline and next steps with the account.,100192,Rowan Patel,Y,,10.0,3.9,100248,Y,2.1,How is communication with your team?,Happy with the progress.,3.6,5.2,Standard,Y,8.9,6.2,7.3,5.6,6.5,2.8,4.0,,,Y,,100731,Quinn Calder,2023-12-28 10:32:00,omar.larsson@sampleco.test,,2026-06-22 12:03:00,drew.cohen@sampleco.test,,,Delta,,nina.reyes@acme-fake.test,Yara Ashby,riley.ashby@acme-fake.test,Rowan Mensah,Standard,100195,Y,Standard,yara.ivanov@acme-fake.test,Marco Silva,Y,9028,2536,5159,8960,Y,,,,,Discussed timeline and next steps with the account.,,diego.nguyen@examplecorp.test,,Reviewed performance and gathered feedback.,casey.whitfield@examplecorp.test,chen.nguyen@examplecorp.test,N,,Aligned on billing and renewal terms.,,,,,,,2023-05-25 11:39:00,8875,4759,Standard,Beta,Standard,Delta,7681,7626,2920,9996,701,Beta,Jordan Calder,Jamie Dorsey,2022-10-12 18:31:00,,,,,,,,,,,,,,
700452,100738,Resource Care,100342,Customer Success Check-In,Final,N,N,Followed up on the open items from last week.,100295,Elena Sato,Y,,2.3,9.6,100034,Y,9.0,How likely are you to continue the engagement?,Some concerns about turnaround time.,4.3,9.5,Other,N,5.8,7.7,1.4,4.8,2.9,2.7,4.0,,,N,,100329,Diego Reyes,2024-09-28 20:31:00,reese.sato@demomail.test,,2023-05-16 06:24:00,elena.blake@sampleco.test,,,,,chen.calder@acme-fake.test,Elena Costa,priya.sloan@acme-fake.test,Taylor Rossi,Gamma,100070,Y,Beta,nina.nguyen@examplecorp.test,Jordan Dorsey,Y,2604,600,7518,1469,N,,,,,Noted a concern to revisit at the next sync.,,casey.okafor@sampleco.test,,Noted a concern to revisit at the next sync.,marco.dorsey@sampleco.test,drew.rossi@demomail.test,Y,,Resolved the outstanding question about scope.,,,,Casey Calder,,,2025-08-12 15:17:00,3929,2400,Alpha,Alpha,Gamma,Standard,5579,3189,4054,9409,8519,Standard,Quinn Cohen,Emerson Okafor,2023-02-09 02:18:00,,,,,,,,,,,4683,,,
700453,100101,Customer Management,100468,Customer Success Check-In,Final,N,N,Shared the updated proposal for review.,100091,Diego Kim,Y,,9.5,5.3,100239,Y,7.9,How satisfied are you with the service?,"Going well, minor tweaks needed.",8.9,2.0,Standard,Y,6.5,6.1,5.2,2.2,2.9,4.7,9.1,,,Y,,100075,Diego Ashby,2025-02-11 01:53:00,yara.reyes@examplecorp.test,,2026-05-02 20:26:00,skyler.larsson@sampleco.test,,,,,arjun.silva@sampleco.test,Reese Silva,jamie.mensah@examplecorp.test,Drew Larsson,Gamma,100313,N,Alpha,chen.cohen@sampleco.test,Rahul Garcia,Y,6003,424,8778,5059,N,,,,,Discussed timeline and next steps with the account.,,marco.mensah@examplecorp.test,,Discussed timeline and next steps with the account.,morgan.calder@acme-fake.test,jamie.haddad@examplecorp.test,Y,,,,,,Alex Cohen,Standard,Standard,2024-05-27 20:51:00,2245,4226,Gamma,Other,Alpha,Standard,6213,6592,962,5818,7891,Beta,Morgan Okafor,Riley Sato,2024-04-03 00:24:00,,,,,,,,,,,,,,
700454,100153,Resource Care,100688,Quarterly Review,Final,Y,N,Discussed timeline and next steps with the account.,100527,Alex Sloan,N,,6.9,5.0,100212,Y,7.5,Are deliverables meeting expectations?,Some concerns about turnaround time.,4.5,2.9,Beta,N,6.5,7.4,2.3,5.2,3.6,1.4,5.2,,,N,,100469,Emerson Sloan,2026-06-29 09:10:00,fatima.sloan@acme-fake.test,,2025-10-05 17:27:00,casey.rossi@demomail.test,Arjun Reyes,,,,alex.sloan@examplecorp.test,Aisha Vance,morgan.reyes@sampleco.test,Noah Ivanov,Other,100282,N,Standard,skyler.haddad@acme-fake.test,Alex Haddad,N,6265,9375,7103,6342,N,,,,,Followed up on the open items from last week.,,fatima.whitfield@demomail.test,,Reviewed performance and gathered feedback.,mei.ashby@acme-fake.test,nina.calder@acme-fake.test,Y,,,,,,,,,2024-10-02 13:37:00,3002,272,Standard,Other,Other,Standard,4151,2073,9493,858,20,Beta,Mei Brooks,Sofia Brooks,2024-10-01 05:18:00,,,,,,,,,,,,,,
700455,100051,Resource Care,100177,Customer Success Check-In,Final,N,N,Reviewed performance and gathered feedback.,100799,Omar Ivanov,Y,,7.7,2.2,100555,Y,5.7,Are deliverables meeting expectations?,Happy with the progress.,9.3,2.8,Gamma,N,8.7,1.9,7.3,1.4,7.3,6.9,5.1,,,N,,100738,Sofia Costa,2022-11-10 15:07:00,rahul.cohen@examplecorp.test,,2022-12-01 13:37:00,priya.garcia@sampleco.test,,,,,jamie.cohen@sampleco.test,Taylor Costa,alex.blake@sampleco.test,Nina Blake,Alpha,100672,Y,Delta,skyler.ashby@sampleco.test,Drew Mercer,Y,4940,8954,7488,2734,N,,,,,Scheduled a check-in for the coming month.,,casey.blake@examplecorp.test,,Followed up on the open items from last week.,morgan.whitfield@examplecorp.test,liam.reyes@sampleco.test,Y,,,,,Gamma,Avery Haddad,,,2025-03-10 10:02:00,5357,570,Alpha,Other,Delta,Alpha,2842,1778,1811,9995,9166,Other,Quinn Sato,Drew Ivanov,2024-05-20 18:22:00,,,,,,,,,,,,,,
700456,100398,Customer Management,100182,Quarterly Review,Final,Y,Y,Shared the updated proposal for review.,100538,Mei Blake,N,,8.8,4.4,100673,Y,9.9,How is communication with your team?,"Neutral, watching closely.",2.6,4.1,Delta,Y,1.0,2.7,6.0,5.3,9.8,5.5,1.1,,,N,,100176,Mei Sloan,2023-09-04 02:14:00,skyler.larsson@demomail.test,,2022-11-18 15:24:00,mei.kim@acme-fake.test,Nina Reyes,,,,elena.whitfield@examplecorp.test,Nina Mensah,rowan.patel@demomail.test,Avery Ivanov,Other,100224,N,Other,mei.rossi@examplecorp.test,Riley Vance,Y,7750,6757,699,9796,Y,,,,,Discussed timeline and next steps with the account.,,aisha.larsson@sampleco.test,,Shared the updated proposal for review.,marco.whitfield@demomail.test,skyler.larsson@demomail.test,N,,,,,Beta,,,,2023-10-12 12:17:00,859,4773,Other,Gamma,Other,Beta,1926,9740,3281,2961,2547,Other,Quinn Garcia,Noah Mensah,2026-06-03 22:54:00,,,,Standard,,,,,,,,,,
700457,100101,Resource Care,100800,Customer Success Check-In,Final,N,Y,Aligned on billing and renewal terms.,100558,Jordan Ford,N,,9.6,6.3,100034,N,8.6,How satisfied are you with the service?,"Going well, minor tweaks needed.",5.2,2.4,Standard,N,4.8,2.0,9.9,3.9,4.5,8.2,3.2,,,N,,100551,Liam Blake,2022-12-07 02:42:00,skyler.kim@examplecorp.test,,2026-06-13 21:14:00,reese.vance@demomail.test,Chen Nguyen,,,,priya.vance@demomail.test,Liam Rossi,noah.mercer@demomail.test,Liam Dorsey,Gamma,100452,Y,Delta,arjun.mensah@demomail.test,Quinn Patel,N,4990,2318,3111,3650,N,,,,,Followed up on the open items from last week.,,jordan.silva@examplecorp.test,Other,Aligned on billing and renewal terms.,aisha.sato@demomail.test,drew.silva@demomail.test,Y,,,,,Standard,,,,2024-10-24 22:20:00,8488,7015,Delta,Standard,Standard,Beta,2806,9260,9671,8861,7163,Standard,Skyler Kim,Rowan Whitfield,2025-10-25 14:39:00,,,,,,,,,,,,,,
700458,100759,Resource Care,100498,Customer Success Check-In,Final,N,Y,Noted a concern to revisit at the next sync.,100506,Sofia Garcia,Y,,9.2,5.8,100709,N,4.7,Any concerns we should address?,Happy with the progress.,4.8,5.2,Delta,Y,9.8,1.5,9.7,3.7,3.7,7.8,4.1,,,Y,,100080,Elena Rossi,2025-04-26 14:13:00,marco.rossi@acme-fake.test,,2026-05-26 12:27:00,elena.reyes@acme-fake.test,Aisha Kim,,,,fatima.rossi@examplecorp.test,Drew Calder,yara.costa@acme-fake.test,Reese Mensah,Other,100720,N,Beta,priya.nguyen@examplecorp.test,Sofia Mercer,N,5793,8242,8914,3668,Y,,,,,Shared the updated proposal for review.,,diego.reyes@demomail.test,,Reviewed performance and gathered feedback.,priya.blake@demomail.test,noah.whitfield@examplecorp.test,Y,,,,Standard,,,,Alpha,2025-01-19 20:05:00,3636,4112,Other,Alpha,Other,Beta,9589,8178,6452,7557,4765,Beta,Riley Mensah,Aisha Larsson,2025-10-27 10:23:00,,,,,,,,,,,,,,
700459,100576,Customer Management,100090,Wellness Check-In,Draft,N,Y,Scheduled a check-in for the coming month.,100037,Marco Mercer,Y,,7.3,9.1,100658,N,6.0,How satisfied are you with the service?,Happy with the progress.,3.9,7.3,Gamma,Y,8.8,7.4,3.0,4.6,3.8,2.1,1.9,,,Y,,100654,Jordan Blake,2023-12-13 05:21:00,avery.dorsey@demomail.test,Riley Garcia,2026-03-02 18:14:00,skyler.ashby@examplecorp.test,,,,,emerson.blake@examplecorp.test,Quinn Haddad,diego.mensah@examplecorp.test,Liam Whitfield,Alpha,100388,Y,Beta,omar.ford@examplecorp.test,Avery Ivanov,N,1604,4246,6500,69,Y,,,,,Noted a concern to revisit at the next sync.,,skyler.brooks@examplecorp.test,,Shared the updated proposal for review.,priya.ashby@sampleco.test,arjun.vance@demomail.test,Y,,,Beta,,,,Beta,Gamma,2024-08-21 12:44:00,3980,8868,Other,Alpha,Standard,Standard,8168,1198,3814,6126,3264,Beta,Avery Brooks,Rowan Sloan,2026-05-09 03:51:00,,,,,,,,,,,,,,
700460,100029,Resource Care,100498,Customer Success Check-In,Draft,N,Y,Aligned on billing and renewal terms.,100673,Riley Costa,Y,,5.1,6.1,100009,N,1.5,Are deliverables meeting expectations?,Some concerns about turnaround time.,8.8,7.2,Other,Y,9.5,8.7,8.3,5.0,5.5,6.9,5.9,,,Y,,100449,Diego Mensah,2023-03-18 10:24:00,elena.dorsey@sampleco.test,,2024-03-12 06:29:00,noah.okafor@acme-fake.test,,,Standard,,avery.patel@sampleco.test,Alex Calder,sofia.brooks@sampleco.test,Quinn Whitfield,Standard,100329,N,Alpha,fatima.calder@acme-fake.test,Sofia Ashby,Y,5221,7243,8591,805,Y,,,,,Aligned on billing and renewal terms.,,jordan.okafor@examplecorp.test,,Aligned on billing and renewal terms.,casey.costa@demomail.test,aisha.vance@acme-fake.test,N,,,Delta,,Standard,,Delta,,2024-07-29 05:14:00,6893,2252,Other,Standard,Other,Other,9117,6922,4268,9254,632,Delta,Skyler Ivanov,Priya Haddad,2023-08-03 22:05:00,,,,,,,,,2089,,,,,
700461,100382,Resource Care,100132,Quarterly Review,Final,Y,Y,Aligned on billing and renewal terms.,100090,Diego Dorsey,Y,,4.8,7.2,100062,Y,5.2,Any concerns we should address?,Very satisfied overall.,1.3,1.4,Other,Y,5.9,2.9,3.9,6.4,2.2,2.6,7.3,,,N,,100265,Skyler Reyes,2023-03-27 02:28:00,priya.reyes@acme-fake.test,,2025-06-13 07:32:00,jamie.vance@demomail.test,,,Gamma,,noah.sloan@examplecorp.test,Taylor Mercer,marco.dorsey@examplecorp.test,Omar Costa,Other,100398,Y,Gamma,drew.larsson@examplecorp.test,Rowan Sloan,Y,4886,8043,5562,9931,Y,,,Gamma,,Resolved the outstanding question about scope.,,avery.reyes@acme-fake.test,,Reviewed performance and gathered feedback.,yara.mensah@acme-fake.test,rahul.okafor@examplecorp.test,N,Beta,,Standard,,Standard,,Delta,,2023-06-06 22:59:00,2963,2044,Gamma,Alpha,Beta,Standard,1625,7073,694,3772,4171,Gamma,Marco Silva,Nina Rossi,2026-01-03 13:26:00,,,,,,,,,,,,,,
700462,100040,Resource Care,100576,Customer Success Check-In,Final,Y,Y,Shared the updated proposal for review.,100332,Sofia Brooks,N,,1.0,1.4,100474,Y,7.2,Are deliverables meeting expectations?,Exceeding expectations.,6.6,10.0,Standard,Y,8.6,4.1,6.2,1.1,2.0,8.1,9.5,,,Y,,100229,Chen Garcia,2024-12-19 17:11:00,reese.larsson@acme-fake.test,,2023-05-07 18:03:00,chen.dorsey@acme-fake.test,Drew Larsson,,,,sofia.rossi@acme-fake.test,Quinn Garcia,fatima.silva@examplecorp.test,Skyler Sato,Alpha,100692,N,Alpha,alex.ashby@acme-fake.test,Emerson Dorsey,Y,4960,2062,3565,342,Y,,,,,Shared the updated proposal for review.,,arjun.mercer@demomail.test,,Reviewed performance and gathered feedback.,drew.silva@sampleco.test,rowan.mensah@sampleco.test,Y,,Noted a concern to revisit at the next sync.,,,,Rahul Sato,,,2025-12-08 12:58:00,3319,8261,Standard,Alpha,Alpha,Standard,2051,7363,7037,9293,9218,Standard,Morgan Brooks,Morgan Haddad,2023-09-16 18:14:00,,,,,,,,,,,,,,
700463,100316,Resource Care,100034,Quarterly Review,Draft,Y,N,Resolved the outstanding question about scope.,100434,Taylor Brooks,N,,7.4,5.4,100582,N,2.5,How is communication with your team?,Exceeding expectations.,9.0,1.9,Beta,N,1.9,2.0,4.1,8.2,6.9,7.0,2.2,,,N,,100782,Nina Whitfield,2022-10-22 18:08:00,casey.mercer@acme-fake.test,,2023-06-12 07:29:00,aisha.vance@sampleco.test,Rahul Mensah,,,,rowan.reyes@examplecorp.test,Elena Whitfield,nina.ivanov@acme-fake.test,Omar Whitfield,Gamma,100192,N,Standard,taylor.mercer@demomail.test,Arjun Ivanov,N,3961,9236,9600,7004,Y,,,,,Noted a concern to revisit at the next sync.,,quinn.nguyen@examplecorp.test,,Discussed timeline and next steps with the account.,reese.dorsey@sampleco.test,drew.mensah@examplecorp.test,N,Other,,,,Beta,,,,2025-11-08 05:59:00,6441,9387,Alpha,Standard,Gamma,Alpha,2411,5179,220,3348,1524,Delta,Sofia Garcia,Noah Rossi,2023-04-17 06:33:00,,,,,,,,,,,,,,
700464,100656,Customer Management,100729,Quarterly Review,Final,N,N,Resolved the outstanding question about scope.,100683,Diego Patel,N,,3.9,9.1,100182,Y,4.6,How is communication with your team?,"Neutral, watching closely.",9.9,8.7,Alpha,N,6.1,2.8,8.6,1.5,4.0,9.1,5.5,,,Y,,100316,Emerson Rossi,2024-03-02 16:25:00,chen.whitfield@demomail.test,,2024-07-13 00:47:00,alex.costa@acme-fake.test,Chen Costa,,,,jamie.ford@examplecorp.test,Alex Rossi,omar.larsson@demomail.test,Riley Kim,Gamma,100588,N,Alpha,skyler.ford@sampleco.test,Alex Whitfield,Y,6555,335,7294,699,Y,,,,,Discussed timeline and next steps with the account.,,casey.brooks@acme-fake.test,,Noted a concern to revisit at the next sync.,jordan.ivanov@sampleco.test,mei.sloan@acme-fake.test,Y,,,,,,,Gamma,Beta,2022-12-22 02:29:00,8111,2431,Delta,Other,Other,Beta,5661,9786,388,4232,797,Standard,Yara Larsson,Rowan Nguyen,2023-11-17 14:04:00,,,,,,,,,,,,Other,,
700465,100462,Customer Management,100786,Wellness Check-In,Final,Y,N,Shared the updated proposal for review.,100552,Yara Brooks,N,,5.1,7.8,100400,N,5.4,How satisfied are you with the service?,"Going well, minor tweaks needed.",8.2,4.6,Gamma,N,3.8,9.9,9.7,2.6,6.3,2.2,2.8,,,Y,,100475,Drew Larsson,2024-12-29 09:05:00,chen.sato@examplecorp.test,,2023-02-21 01:38:00,aisha.silva@sampleco.test,,,,,avery.garcia@acme-fake.test,Rahul Calder,alex.rossi@examplecorp.test,Yara Calder,Other,100708,N,Alpha,taylor.nguyen@examplecorp.test,Riley Nguyen,Y,2184,5963,4681,4057,N,,,,,Resolved the outstanding question about scope.,,sofia.mercer@acme-fake.test,,Aligned on billing and renewal terms.,diego.reyes@sampleco.test,noah.costa@acme-fake.test,N,Standard,Shared the updated proposal for review.,,,,Chen Vance,,,2025-03-21 02:47:00,8155,4647,Standard,Delta,Alpha,Other,6400,5479,1228,6751,9771,Delta,Drew Sato,Avery Reyes,2023-09-29 06:13:00,,,,,,,,,,,,,,
700466,100625,Resource Care,100388,Customer Success Check-In,Final,Y,N,Followed up on the open items from last week.,100182,Taylor Brooks,Y,,8.4,5.9,100798,N,9.7,How satisfied are you with the service?,Very satisfied overall.,3.7,2.9,Delta,N,2.3,5.7,3.1,1.9,6.2,8.6,2.8,,,Y,,100042,Yara Nguyen,2024-07-16 03:03:00,fatima.silva@demomail.test,,2026-03-30 10:19:00,elena.okafor@sampleco.test,,,,,priya.sloan@acme-fake.test,Rowan Reyes,jamie.ford@demomail.test,Rahul Brooks,Alpha,100030,Y,Gamma,priya.larsson@acme-fake.test,Aisha Garcia,Y,6580,9219,8853,6840,N,,,,,Discussed timeline and next steps with the account.,,fatima.okafor@demomail.test,,Aligned on billing and renewal terms.,elena.mercer@sampleco.test,riley.garcia@examplecorp.test,Y,Gamma,Followed up on the open items from last week.,Gamma,,,,,Delta,2024-11-21 05:55:00,3730,9776,Beta,Delta,Delta,Beta,3239,9602,2610,1493,9759,Alpha,Diego Rossi,Quinn Vance,2025-06-01 06:49:00,,,,,,,,,,,,,,
700467,100622,Customer Management,100760,Quarterly Review,Draft,N,N,Resolved the outstanding question about scope.,100552,Aisha Sato,N,,8.8,3.5,100123,Y,5.6,How is communication with your team?,"Going well, minor tweaks needed.",9.6,3.2,Standard,N,1.8,3.4,9.5,3.1,1.1,6.9,2.0,,,N,,100485,Rahul Brooks,2024-11-20 07:21:00,fatima.mensah@acme-fake.test,,2023-09-07 17:43:00,alex.whitfield@acme-fake.test,,,,,alex.cohen@demomail.test,Jordan Sato,arjun.reyes@acme-fake.test,Reese Dorsey,Delta,100690,N,Other,reese.patel@examplecorp.test,Taylor Calder,Y,9584,4435,5820,6067,Y,,,,,Noted a concern to revisit at the next sync.,,elena.sato@demomail.test,,Shared the updated proposal for review.,omar.rossi@acme-fake.test,yara.kim@examplecorp.test,N,Alpha,Scheduled a check-in for the coming month.,,Standard,,Nina Kim,,,2024-04-01 11:19:00,3645,4732,Gamma,Beta,Alpha,Gamma,1420,7235,6343,3662,9529,Standard,Rahul Kim,Liam Ashby,2023-01-15 16:12:00,,,Other,,,,,,,,,,Yara Brooks,
700468,100012,Resource Care,100497,Customer Success Check-In,Final,N,Y,Discussed timeline and next steps with the account.,100610,Skyler Sato,N,,5.5,3.5,100755,Y,9.4,How is communication with your team?,"Going well, minor tweaks needed.",1.4,8.5,Gamma,Y,2.6,5.1,7.1,2.3,6.9,4.4,4.9,,,N,,100342,Casey Cohen,2025-04-23 02:44:00,elena.reyes@sampleco.test,,2025-07-29 12:20:00,drew.costa@examplecorp.test,,,,,drew.brooks@acme-fake.test,Elena Reyes,jordan.costa@examplecorp.test,Jordan Ivanov,Alpha,100763,Y,Standard,reese.cohen@acme-fake.test,Avery Patel,N,2944,45,5733,4892,N,,,,,Shared the updated proposal for review.,Rowan Rossi,morgan.vance@examplecorp.test,,Reviewed performance and gathered feedback.,yara.rossi@demomail.test,elena.ivanov@acme-fake.test,N,Alpha,,,,Alpha,,Gamma,,2023-02-02 20:44:00,3810,5072,Gamma,Beta,Delta,Delta,49,8917,6517,4543,4988,Standard,Rowan Brooks,Diego Blake,2023-07-12 05:45:00,,,,,,,,,,,,,,
700469,100642,Customer Management,100408,Wellness Check-In,Final,N,Y,Aligned on billing and renewal terms.,100664,Mei Patel,N,,5.1,8.1,100322,N,8.0,How likely are you to continue the engagement?,"Going well, minor tweaks needed.",2.1,8.7,Gamma,N,1.3,6.6,3.7,3.7,9.8,7.5,6.2,,,Y,,100539,Omar Larsson,2025-07-05 09:08:00,quinn.nguyen@sampleco.test,,2023-03-12 23:05:00,sofia.calder@sampleco.test,,,,,noah.rossi@examplecorp.test,Casey Silva,chen.rossi@acme-fake.test,Diego Ashby,Delta,100076,N,Other,morgan.brooks@demomail.test,Morgan Haddad,Y,2266,6268,3858,8360,Y,,,,Standard,Noted a concern to revisit at the next sync.,,fatima.ford@examplecorp.test,,Aligned on billing and renewal terms.,avery.ford@demomail.test,alex.vance@demomail.test,Y,,Shared the updated proposal for review.,,,,Nina Brooks,Gamma,,2025-12-17 16:43:00,2006,350,Beta,Beta,Delta,Alpha,5650,666,3498,3137,575,Gamma,Fatima Brooks,Omar Brooks,2022-10-24 19:09:00,,,,,,,,,,,,,,
700470,100603,Customer Management,100380,Quarterly Review,Final,Y,Y,Scheduled a check-in for the coming month.,100518,Taylor Costa,N,,1.6,8.4,100391,Y,4.3,Any concerns we should address?,"Going well, minor tweaks needed.",9.8,3.8,Other,N,9.9,6.1,1.6,3.3,6.1,1.7,4.4,,,Y,,100582,Marco Whitfield,2024-02-09 13:50:00,nina.ivanov@acme-fake.test,,2022-11-18 22:55:00,noah.blake@sampleco.test,,,,Arjun Larsson,priya.brooks@acme-fake.test,Diego Okafor,mei.silva@sampleco.test,Rahul Kim,Standard,100086,N,Alpha,marco.ford@examplecorp.test,Marco Blake,N,7410,3527,6703,1171,Y,,,,,Resolved the outstanding question about scope.,,chen.calder@examplecorp.test,,Noted a concern to revisit at the next sync.,chen.okafor@sampleco.test,taylor.mercer@examplecorp.test,N,,,Beta,Standard,Delta,,,Alpha,2025-07-18 16:33:00,6913,8987,Standard,Beta,Standard,Gamma,1460,5969,2415,3763,5077,Beta,Aisha Kim,Rowan Haddad,2023-12-15 18:04:00,,,,,,,,,,,,,,
700471,100192,Resource Care,100308,Quarterly Review,Final,Y,N,Reviewed performance and gathered feedback.,100715,Aisha Dorsey,Y,,6.1,6.0,100498,N,5.3,Any concerns we should address?,Exceeding expectations.,4.4,9.4,Delta,N,2.8,3.5,5.1,8.0,5.3,4.4,4.2,,,N,,100738,Skyler Patel,2026-07-02 00:56:00,rowan.ashby@acme-fake.test,,2023-10-09 17:36:00,quinn.kim@demomail.test,,,,,elena.costa@acme-fake.test,Morgan Dorsey,emerson.reyes@examplecorp.test,Liam Cohen,Beta,100097,Y,Delta,diego.vance@sampleco.test,Nina Mercer,N,6228,9936,8682,7855,N,,,,,Discussed timeline and next steps with the account.,,reese.calder@sampleco.test,,Aligned on billing and renewal terms.,morgan.ashby@examplecorp.test,alex.mercer@acme-fake.test,N,,,,,,Jamie Blake,,,2022-11-01 17:01:00,1561,6348,Beta,Alpha,Gamma,Standard,9991,6801,551,728,7572,Alpha,Morgan Silva,Taylor Ivanov,2025-05-01 01:36:00,,,,,,,,,,,,,,
700472,100475,Resource Care,100672,Customer Success Check-In,Final,Y,Y,Discussed timeline and next steps with the account.,100587,Casey Garcia,N,,9.6,2.1,100017,N,1.4,Any concerns we should address?,Some concerns about turnaround time.,5.1,7.3,Gamma,Y,6.0,3.3,7.3,3.4,9.3,6.8,7.0,,,Y,,100771,Liam Ashby,2023-10-06 08:50:00,drew.brooks@acme-fake.test,,2024-07-03 19:05:00,nina.nguyen@demomail.test,,,Gamma,,liam.nguyen@demomail.test,Fatima Ivanov,aisha.silva@examplecorp.test,Yara Ashby,Other,100596,Y,Alpha,chen.cohen@sampleco.test,Alex Costa,Y,9362,4307,934,9375,N,,,,,Scheduled a check-in for the coming month.,,omar.reyes@sampleco.test,,Reviewed performance and gathered feedback.,taylor.larsson@acme-fake.test,rowan.nguyen@demomail.test,N,,Reviewed performance and gathered feedback.,,,Gamma,,,,2026-06-27 08:35:00,1583,144,Alpha,Standard,Alpha,Gamma,8249,7509,3870,8085,6965,Alpha,Emerson Kim,Emerson Mercer,2023-07-25 03:07:00,,,,,,,,,,,,,,
700473,100139,Customer Management,100731,Wellness Check-In,Final,Y,N,Scheduled a check-in for the coming month.,100083,Marco Kim,Y,,7.1,1.6,100573,N,3.6,How likely are you to continue the engagement?,"Going well, minor tweaks needed.",8.1,9.9,Alpha,N,1.4,2.6,2.6,6.2,5.7,3.6,5.2,,,Y,,100798,Noah Patel,2024-10-17 02:38:00,rahul.calder@examplecorp.test,,2023-08-30 21:48:00,priya.cohen@sampleco.test,Yara Cohen,,,,avery.okafor@acme-fake.test,Elena Ashby,riley.okafor@demomail.test,Emerson Sato,Other,100245,Y,Other,yara.rossi@sampleco.test,Morgan Brooks,N,4785,9582,2856,1551,Y,,,,,Discussed timeline and next steps with the account.,,noah.dorsey@examplecorp.test,,Noted a concern to revisit at the next sync.,morgan.costa@demomail.test,rahul.reyes@demomail.test,Y,Gamma,Reviewed performance and gathered feedback.,Delta,,,,Beta,,2023-01-08 21:09:00,1985,9763,Standard,Beta,Other,Beta,5204,9476,9217,7800,4754,Gamma,Fatima Mensah,Casey Whitfield,2026-01-09 09:05:00,,,,,,,,,,,,,,
700474,100176,Resource Care,100573,Customer Success Check-In,Draft,Y,N,Scheduled a check-in for the coming month.,100415,Quinn Haddad,Y,,6.7,3.6,100113,N,4.1,How is communication with your team?,Very satisfied overall.,3.8,8.6,Beta,N,7.9,9.7,2.7,1.3,6.2,5.6,2.0,,,Y,,100103,Drew Mercer,2023-07-03 17:26:00,sofia.garcia@acme-fake.test,,2026-06-22 10:47:00,fatima.reyes@sampleco.test,,,,,jamie.haddad@sampleco.test,Quinn Blake,alex.larsson@sampleco.test,Aisha Haddad,Beta,100229,N,Delta,jordan.ashby@examplecorp.test,Elena Larsson,Y,2048,9064,3093,7949,N,,,,,Reviewed performance and gathered feedback.,,aisha.reyes@acme-fake.test,,Noted a concern to revisit at the next sync.,marco.larsson@acme-fake.test,quinn.garcia@acme-fake.test,N,,,,,Gamma,,,Alpha,2025-01-25 07:31:00,4588,2386,Beta,Other,Standard,Delta,2295,2943,6223,1417,384,Standard,Reese Mensah,Reese Cohen,2024-06-27 12:37:00,,,,,,,,,,,2243,,,
700475,100753,Resource Care,100522,Wellness Check-In,Final,Y,Y,Noted a concern to revisit at the next sync.,100336,Drew Nguyen,N,,4.1,3.5,100484,N,7.4,How likely are you to continue the engagement?,Exceeding expectations.,6.0,2.3,Alpha,Y,6.3,4.8,3.4,3.4,1.6,4.6,6.3,,,N,,100487,Jamie Vance,2026-02-18 14:04:00,nina.calder@examplecorp.test,,2023-01-05 08:50:00,drew.patel@sampleco.test,Avery Larsson,,,,sofia.reyes@acme-fake.test,Aisha Ford,fatima.brooks@acme-fake.test,Sofia Larsson,Alpha,100136,N,Alpha,reese.silva@acme-fake.test,Skyler Patel,N,9192,5196,2258,2866,N,,,,,Resolved the outstanding question about scope.,,liam.garcia@demomail.test,,Shared the updated proposal for review.,taylor.brooks@sampleco.test,rowan.costa@examplecorp.test,Y,,Followed up on the open items from last week.,Alpha,,,,Alpha,,2026-03-07 01:30:00,3966,9660,Standard,Alpha,Beta,Gamma,2459,2016,4916,4724,6688,Beta,Reese Nguyen,Morgan Cohen,2023-10-31 00:45:00,,,,,,,,,,,,,,
700476,100265,Customer Management,100522,Quarterly Review,Final,N,Y,Followed up on the open items from last week.,100117,Skyler Rossi,N,,4.1,1.5,100560,Y,6.7,Are deliverables meeting expectations?,Happy with the progress.,9.7,5.2,Alpha,Y,2.2,6.5,4.1,5.5,3.4,7.8,5.7,,,N,,100603,Jordan Vance,2023-05-10 11:58:00,skyler.blake@sampleco.test,,2023-04-19 18:24:00,taylor.calder@demomail.test,Jordan Mensah,,Delta,,nina.reyes@examplecorp.test,Arjun Patel,avery.ford@examplecorp.test,Noah Ashby,Other,100380,N,Gamma,aisha.brooks@demomail.test,Morgan Calder,N,7279,8165,6327,7270,Y,,,,,Discussed timeline and next steps with the account.,,jordan.larsson@demomail.test,,Aligned on billing and renewal terms.,emerson.blake@demomail.test,jamie.haddad@acme-fake.test,N,Delta,,,Gamma,,,,,2024-12-13 13:42:00,9549,18,Alpha,Gamma,Other,Other,3539,267,6790,5397,2396,Beta,Elena Rossi,Riley Garcia,2026-05-20 02:15:00,,,,,,,,,,,,,,
700477,100642,Resource Care,100308,Customer Success Check-In,Final,N,Y,Shared the updated proposal for review.,100334,Quinn Sato,N,,7.9,7.8,100560,Y,6.8,Any concerns we should address?,"Neutral, watching closely.",6.2,9.8,Delta,N,8.4,4.5,5.4,2.9,8.8,2.7,3.5,,,N,,100272,Rahul Sloan,2025-11-07 09:34:00,marco.nguyen@examplecorp.test,,2025-09-28 09:02:00,nina.garcia@demomail.test,,,,,mei.dorsey@sampleco.test,Jamie Silva,casey.costa@examplecorp.test,Rowan Brooks,Beta,100208,Y,Other,quinn.vance@demomail.test,Rahul Dorsey,N,7548,1630,2277,5997,N,,,,,Reviewed performance and gathered feedback.,,alex.whitfield@acme-fake.test,,Reviewed performance and gathered feedback.,elena.larsson@examplecorp.test,chen.brooks@acme-fake.test,Y,,Noted a concern to revisit at the next sync.,,,Delta,Nina Sato,,,2024-04-21 03:06:00,4618,8241,Standard,Alpha,Other,Standard,3909,3331,995,1375,1693,Delta,Skyler Sato,Alex Nguyen,2023-08-04 01:47:00,,,,,,,,,,,,,,
700478,100009,Customer Management,100189,Wellness Check-In,Final,N,N,Scheduled a check-in for the coming month.,100370,Rahul Mercer,N,,4.6,8.1,100692,Y,2.4,How satisfied are you with the service?,"Neutral, watching closely.",7.2,3.5,Other,N,4.9,6.2,3.0,9.7,7.9,2.9,7.3,,,Y,,100192,Diego Silva,2025-08-02 08:58:00,riley.garcia@examplecorp.test,,2024-02-16 23:19:00,fatima.dorsey@sampleco.test,Diego Mensah,,,,nina.sloan@demomail.test,Skyler Vance,taylor.garcia@demomail.test,Riley Okafor,Beta,100799,N,Delta,noah.blake@sampleco.test,Drew Ashby,N,8365,1756,9462,1570,N,Gamma,,,,Scheduled a check-in for the coming month.,,arjun.brooks@demomail.test,,Resolved the outstanding question about scope.,mei.reyes@demomail.test,arjun.dorsey@demomail.test,N,,Discussed timeline and next steps with the account.,Alpha,,,,,,2024-11-25 14:57:00,7895,2202,Beta,Delta,Other,Gamma,8088,2582,2394,6911,1703,Delta,Sofia Costa,Alex Haddad,2024-11-14 20:02:00,,,,,,,,,,,,,,
700479,100638,Resource Care,100558,Customer Success Check-In,Final,N,Y,Discussed timeline and next steps with the account.,100232,Mei Silva,Y,,4.1,7.6,100216,N,8.6,How is communication with your team?,Exceeding expectations.,1.3,7.0,Standard,Y,8.7,5.8,3.5,9.7,4.4,8.2,1.4,,,N,,100699,Omar Silva,2024-11-17 09:25:00,casey.larsson@demomail.test,,2023-06-15 06:35:00,jordan.mensah@demomail.test,,,,,nina.ivanov@sampleco.test,Fatima Larsson,fatima.haddad@examplecorp.test,Jordan Ford,Beta,100582,N,Other,reese.brooks@acme-fake.test,Drew Silva,Y,7645,302,301,766,N,,,,Alpha,Aligned on billing and renewal terms.,,diego.ford@sampleco.test,,Reviewed performance and gathered feedback.,yara.sato@sampleco.test,rowan.whitfield@demomail.test,N,,Noted a concern to revisit at the next sync.,Alpha,Beta,,Rahul Costa,,,2023-10-16 17:53:00,7943,3229,Gamma,Standard,Alpha,Gamma,3933,7423,8562,3993,6733,Gamma,Casey Nguyen,Casey Dorsey,2024-05-07 10:39:00,,,,,,,,,,,,,,
700480,100069,Resource Care,100477,Quarterly Review,Final,N,N,Aligned on billing and renewal terms.,100325,Marco Nguyen,N,,6.8,8.0,100772,N,6.8,How satisfied are you with the service?,Some concerns about turnaround time.,1.9,1.7,Standard,Y,5.8,3.3,4.7,7.4,7.9,6.8,6.3,,,N,,100158,Jordan Garcia,2025-01-24 06:32:00,quinn.okafor@demomail.test,,2025-03-17 23:59:00,taylor.ford@demomail.test,,,,,taylor.patel@examplecorp.test,Yara Okafor,alex.ashby@demomail.test,Skyler Reyes,Standard,100334,N,Gamma,yara.haddad@sampleco.test,Reese Kim,N,4747,3395,7247,7518,Y,,,,,Shared the updated proposal for review.,,noah.dorsey@demomail.test,,Followed up on the open items from last week.,reese.patel@acme-fake.test,liam.vance@acme-fake.test,N,,,,Beta,Delta,Elena Patel,,,2025-07-18 17:33:00,2378,9045,Beta,Alpha,Beta,Gamma,8405,8990,8053,956,7518,Delta,Quinn Nguyen,Marco Sato,2025-01-09 02:23:00,,,,,,,,,,,,,,
700481,100120,Customer Management,100571,Wellness Check-In,Final,N,N,Aligned on billing and renewal terms.,100726,Noah Mercer,N,,3.2,1.3,100203,N,5.4,How likely are you to continue the engagement?,Exceeding expectations.,4.2,10.0,Standard,N,6.2,4.3,7.0,7.7,5.5,4.5,5.2,,,Y,,100376,Fatima Sato,2023-12-31 19:26:00,rowan.calder@examplecorp.test,,2026-01-06 22:39:00,jordan.garcia@examplecorp.test,,,,Jamie Ivanov,taylor.nguyen@sampleco.test,Nina Calder,emerson.nguyen@demomail.test,Jordan Mensah,Standard,100079,N,Beta,taylor.larsson@acme-fake.test,Riley Ashby,N,7285,7521,28,2717,N,Beta,,,,Scheduled a check-in for the coming month.,,quinn.garcia@sampleco.test,,Reviewed performance and gathered feedback.,riley.dorsey@demomail.test,drew.blake@sampleco.test,N,,,,Delta,,,,,2024-12-25 04:41:00,3042,6673,Other,Alpha,Alpha,Alpha,3031,3440,1555,6908,6065,Standard,Noah Costa,Mei Reyes,2023-06-27 00:06:00,,,,,,,,,,,,,,
700482,100353,Resource Care,100290,Wellness Check-In,Final,N,N,Discussed timeline and next steps with the account.,100658,Reese Brooks,N,,4.6,3.5,100742,N,5.8,Any concerns we should address?,Exceeding expectations.,6.1,2.2,Delta,Y,8.6,9.0,5.5,1.0,8.1,9.3,7.7,,,Y,,100178,Liam Ford,2025-08-18 00:42:00,quinn.brooks@sampleco.test,,2023-06-18 21:32:00,sofia.kim@sampleco.test,,,,Rowan Haddad,chen.silva@acme-fake.test,Fatima Mercer,fatima.rossi@sampleco.test,Marco Brooks,Beta,100216,N,Standard,yara.larsson@demomail.test,Reese Larsson,N,2339,1139,5161,7454,N,Beta,,,,Noted a concern to revisit at the next sync.,,jamie.sloan@acme-fake.test,,Discussed timeline and next steps with the account.,rowan.silva@examplecorp.test,diego.cohen@examplecorp.test,N,Gamma,,,,,,,,2024-03-08 02:56:00,7796,3142,Alpha,Alpha,Delta,Delta,4152,7022,5381,6592,1527,Standard,Casey Dorsey,Arjun Whitfield,2023-03-01 08:39:00,,,,,,,,,,,,,Aisha Nguyen,
700483,100151,Customer Management,100417,Quarterly Review,Final,N,N,Discussed timeline and next steps with the account.,100056,Casey Reyes,Y,,6.9,2.8,100475,N,8.8,How satisfied are you with the service?,Very satisfied overall.,1.2,2.6,Delta,Y,6.2,3.7,4.7,9.5,5.1,5.3,1.8,,,Y,,100509,Skyler Reyes,2025-07-07 15:12:00,jordan.ivanov@sampleco.test,Aisha Silva,2026-05-30 14:10:00,rahul.brooks@acme-fake.test,,,Delta,,rowan.kim@demomail.test,Yara Rossi,reese.rossi@examplecorp.test,Rowan Ford,Standard,100215,Y,Gamma,nina.reyes@examplecorp.test,Drew Sloan,Y,9535,3023,2824,6666,Y,,,,,Resolved the outstanding question about scope.,,omar.cohen@examplecorp.test,,Shared the updated proposal for review.,sofia.cohen@demomail.test,sofia.mensah@acme-fake.test,N,,,,,,Chen Reyes,,,2023-02-25 11:03:00,4826,8268,Gamma,Standard,Alpha,Beta,6901,9834,6337,5832,74,Other,Arjun Nguyen,Mei Sato,2025-10-17 09:07:00,,,,,,,,,,,,,,
700484,100286,Customer Management,100316,Customer Success Check-In,Final,Y,Y,Reviewed performance and gathered feedback.,100673,Aisha Patel,Y,,5.7,1.3,100291,Y,2.8,Any concerns we should address?,Exceeding expectations.,9.7,8.3,Beta,Y,7.7,3.5,4.0,1.3,3.4,2.6,4.7,,,Y,,100469,Mei Okafor,2025-07-05 13:51:00,priya.rossi@sampleco.test,,2025-04-12 01:47:00,diego.sloan@acme-fake.test,,,,,emerson.mercer@acme-fake.test,Noah Silva,fatima.ashby@demomail.test,Aisha Haddad,Alpha,100531,N,Alpha,drew.rossi@demomail.test,Priya Okafor,Y,1577,8410,7092,4881,Y,,,,,Discussed timeline and next steps with the account.,,alex.mensah@examplecorp.test,,Reviewed performance and gathered feedback.,emerson.ashby@demomail.test,marco.kim@sampleco.test,N,,,,,Delta,,,,2024-03-08 03:59:00,9362,8758,Standard,Gamma,Beta,Delta,6877,4877,2453,7981,3397,Beta,Emerson Brooks,Casey Vance,2024-03-12 22:50:00,,,,,,,,,,,,,Emerson Ivanov,
700485,100106,Customer Management,100269,Wellness Check-In,Final,N,Y,Reviewed performance and gathered feedback.,100679,Casey Haddad,N,,4.9,9.7,100023,N,8.4,How satisfied are you with the service?,Some concerns about turnaround time.,5.9,7.0,Other,Y,8.5,1.9,3.5,9.4,6.9,1.3,8.3,,,N,,100679,Yara Cohen,2025-04-10 21:31:00,omar.brooks@sampleco.test,,2025-07-04 11:16:00,priya.calder@examplecorp.test,,,,Drew Nguyen,drew.dorsey@examplecorp.test,Diego Dorsey,noah.ivanov@demomail.test,Mei Larsson,Other,100473,Y,Standard,emerson.cohen@demomail.test,Chen Rossi,Y,4713,5916,5255,3254,N,,,,,Shared the updated proposal for review.,,noah.garcia@sampleco.test,,Scheduled a check-in for the coming month.,taylor.cohen@examplecorp.test,jamie.nguyen@sampleco.test,Y,Alpha,Resolved the outstanding question about scope.,,,,Riley Nguyen,Delta,Other,2025-05-30 21:05:00,4667,1891,Delta,Beta,Beta,Delta,5110,217,1151,562,6677,Alpha,Taylor Whitfield,Noah Silva,2024-07-29 05:16:00,,,,,,,,,,,,,,
700486,100494,Resource Care,100333,Wellness Check-In,Final,N,N,Scheduled a check-in for the coming month.,100654,Noah Calder,Y,,6.6,6.8,100634,N,6.1,Any concerns we should address?,Exceeding expectations.,7.6,1.6,Other,Y,7.4,1.6,3.4,3.6,9.7,8.6,8.4,,,Y,,100500,Jordan Rossi,2024-01-21 16:03:00,diego.ford@demomail.test,,2024-07-11 18:59:00,noah.okafor@demomail.test,,,,,mei.haddad@examplecorp.test,Reese Silva,jamie.kim@sampleco.test,Omar Ivanov,Gamma,100628,N,Gamma,sofia.ashby@demomail.test,Elena Ivanov,Y,9145,7674,3723,419,Y,,,,,Reviewed performance and gathered feedback.,,liam.sloan@acme-fake.test,,Reviewed performance and gathered feedback.,marco.okafor@acme-fake.test,aisha.rossi@demomail.test,Y,,,,,Beta,,,,2024-03-23 05:33:00,7713,6236,Gamma,Gamma,Alpha,Beta,9620,8367,7888,9080,4489,Gamma,Omar Larsson,Fatima Ashby,2024-11-28 02:21:00,,,,,,,,,,,,,,
700487,100094,Resource Care,100667,Wellness Check-In,Draft,N,Y,Aligned on billing and renewal terms.,100184,Riley Ford,Y,,2.1,7.7,100777,Y,4.7,Are deliverables meeting expectations?,"Neutral, watching closely.",4.0,4.6,Delta,N,6.3,3.9,6.6,1.8,2.5,6.4,9.2,,,Y,,100607,Diego Haddad,2025-09-06 18:41:00,morgan.sato@acme-fake.test,,2024-06-18 22:20:00,nina.haddad@sampleco.test,Noah Larsson,,,Omar Cohen,rowan.reyes@examplecorp.test,Elena Okafor,nina.whitfield@sampleco.test,Quinn Sloan,Standard,100477,N,Beta,reese.ashby@acme-fake.test,Skyler Sloan,N,4344,5026,1465,1962,Y,,,,,Noted a concern to revisit at the next sync.,,diego.vance@demomail.test,,Noted a concern to revisit at the next sync.,priya.ivanov@demomail.test,nina.vance@sampleco.test,Y,Alpha,,,,,,,,2025-11-28 14:33:00,3163,2223,Beta,Other,Beta,Other,1909,3264,9387,4237,6801,Alpha,Mei Mensah,Sofia Okafor,2024-03-07 04:33:00,,,,,,,,,,,,,,
700488,100189,Resource Care,100734,Quarterly Review,Final,Y,Y,Discussed timeline and next steps with the account.,100277,Aisha Reyes,Y,,9.6,6.1,100641,N,8.6,How is communication with your team?,Some concerns about turnaround time.,1.9,8.4,Delta,N,1.2,2.1,6.1,6.2,8.2,3.3,5.1,,,N,,100282,Avery Sato,2023-04-30 06:02:00,avery.nguyen@sampleco.test,,2023-11-09 19:05:00,aisha.ford@examplecorp.test,,,Alpha,,aisha.whitfield@acme-fake.test,Priya Okafor,taylor.larsson@acme-fake.test,Omar Ivanov,Other,100359,Y,Standard,noah.haddad@demomail.test,Arjun Garcia,N,4013,3843,4988,1576,Y,,,,Standard,Scheduled a check-in for the coming month.,,rahul.silva@examplecorp.test,,Aligned on billing and renewal terms.,noah.okafor@sampleco.test,marco.patel@acme-fake.test,Y,,,,Beta,,,,,2024-09-28 17:53:00,8959,8881,Alpha,Delta,Standard,Other,2538,8737,4223,3920,5722,Other,Rowan Larsson,Priya Cohen,2026-03-13 22:08:00,,,,,,,,,,,,,,
700489,100788,Customer Management,100313,Wellness Check-In,Final,Y,Y,Reviewed performance and gathered feedback.,100506,Aisha Mercer,Y,,7.7,3.6,100617,Y,2.3,Any concerns we should address?,Some concerns about turnaround time.,5.7,1.7,Gamma,N,8.6,7.3,5.0,1.8,6.9,4.2,4.3,,,N,,100056,Skyler Nguyen,2025-09-22 05:56:00,morgan.mercer@sampleco.test,,2024-09-14 09:43:00,aisha.blake@acme-fake.test,,,,,marco.kim@sampleco.test,Marco Haddad,taylor.cohen@acme-fake.test,Reese Patel,Standard,100212,Y,Alpha,aisha.brooks@demomail.test,Emerson Nguyen,N,2831,4109,350,8534,Y,,,,,Shared the updated proposal for review.,,reese.ivanov@sampleco.test,,Resolved the outstanding question about scope.,quinn.mercer@demomail.test,chen.sloan@acme-fake.test,Y,,,,,,Avery Brooks,Gamma,,2025-04-11 20:22:00,1132,3317,Delta,Beta,Beta,Other,5905,7609,1918,3328,5419,Standard,Nina Mensah,Drew Silva,2023-10-07 11:16:00,,,,,,,,5222,,,,,,
700490,100742,Resource Care,100723,Quarterly Review,Final,N,Y,Shared the updated proposal for review.,100717,Skyler Dorsey,Y,,7.5,2.1,100333,N,8.7,How is communication with your team?,Happy with the progress.,7.5,4.3,Alpha,N,9.2,3.0,1.2,3.5,3.0,6.2,6.9,,,Y,,100146,Quinn Garcia,2022-11-18 07:13:00,jordan.calder@acme-fake.test,,2024-04-01 20:44:00,fatima.vance@sampleco.test,,,,Diego Larsson,omar.garcia@demomail.test,Emerson Nguyen,nina.cohen@acme-fake.test,Marco Nguyen,Alpha,100688,Y,Gamma,rahul.ford@sampleco.test,Riley Calder,N,6929,8838,2716,4924,N,,,,,Noted a concern to revisit at the next sync.,,mei.vance@acme-fake.test,,Shared the updated proposal for review.,jamie.larsson@sampleco.test,avery.brooks@acme-fake.test,Y,,,Alpha,,,,,Standard,2026-04-07 22:52:00,2168,2685,Alpha,Gamma,Other,Delta,7449,3201,2308,8302,2711,Gamma,Avery Okafor,Casey Ashby,2024-04-06 19:57:00,,,,,,,,,,,,,,
700491,100625,Resource Care,100658,Customer Success Check-In,Final,Y,N,Followed up on the open items from last week.,100771,Yara Haddad,N,,6.7,5.6,100709,Y,6.6,How satisfied are you with the service?,"Neutral, watching closely.",6.4,1.6,Delta,Y,2.6,8.1,8.9,4.0,7.2,8.9,1.2,,,Y,,100467,Mei Sloan,2024-09-09 23:03:00,taylor.vance@demomail.test,,2025-01-04 02:57:00,emerson.reyes@acme-fake.test,Elena Cohen,,Other,,arjun.kim@examplecorp.test,Arjun Patel,elena.costa@acme-fake.test,Fatima Blake,Other,100389,N,Standard,drew.garcia@sampleco.test,Elena Costa,Y,1306,2206,6081,8493,N,,,,,Discussed timeline and next steps with the account.,,rowan.brooks@sampleco.test,,Shared the updated proposal for review.,jordan.costa@acme-fake.test,nina.garcia@examplecorp.test,N,,,,Delta,,Quinn Rossi,,,2024-10-21 13:20:00,6660,4326,Other,Standard,Alpha,Other,7962,2913,5994,355,7433,Alpha,Sofia Reyes,Fatima Reyes,2025-12-18 22:26:00,,,,,,Delta,,,,,,,,
700492,100763,Resource Care,100593,Quarterly Review,Final,N,N,Followed up on the open items from last week.,100792,Aisha Dorsey,Y,,9.2,2.7,100552,N,4.5,How satisfied are you with the service?,Happy with the progress.,8.7,2.0,Beta,N,2.7,3.4,1.4,1.0,7.7,5.9,8.7,,,Y,,100265,Elena Costa,2023-11-15 05:55:00,drew.kim@examplecorp.test,,2025-09-07 09:05:00,morgan.silva@examplecorp.test,,,,,alex.calder@examplecorp.test,Jamie Costa,sofia.nguyen@demomail.test,Liam Brooks,Standard,100440,N,Delta,mei.ivanov@demomail.test,Emerson Brooks,N,1207,5746,6676,7348,N,,,,,Discussed timeline and next steps with the account.,,rahul.vance@sampleco.test,,Followed up on the open items from last week.,morgan.vance@acme-fake.test,reese.larsson@demomail.test,N,,,Alpha,,,,,,2025-12-18 18:23:00,730,8792,Standard,Standard,Gamma,Other,7242,7076,787,5912,5466,Gamma,Arjun Brooks,Rowan Brooks,2025-12-27 01:42:00,,,,,,,,,,,,,,
700493,100086,Customer Management,100722,Quarterly Review,Draft,N,Y,Followed up on the open items from last week.,100538,Marco Nguyen,Y,,4.1,3.7,100782,Y,1.6,Are deliverables meeting expectations?,"Going well, minor tweaks needed.",7.4,5.8,Alpha,N,4.8,4.3,3.6,7.6,6.4,7.6,10.0,,,N,,100734,Diego Rossi,2023-06-23 17:13:00,liam.mensah@sampleco.test,,2026-03-04 09:51:00,elena.patel@sampleco.test,,,,,emerson.larsson@sampleco.test,Priya Whitfield,rahul.sloan@acme-fake.test,Jordan Mensah,Delta,100382,N,Standard,rahul.sloan@examplecorp.test,Quinn Reyes,N,7054,5348,8178,8315,N,,,,,Followed up on the open items from last week.,,alex.reyes@sampleco.test,,Scheduled a check-in for the coming month.,reese.larsson@acme-fake.test,chen.reyes@sampleco.test,N,,,,,,,Other,Gamma,2025-01-13 12:58:00,7552,4416,Delta,Beta,Gamma,Standard,5070,4623,3457,1051,1017,Delta,Liam Reyes,Taylor Costa,2025-04-23 18:25:00,,,,,,,,,,,4040,,,
700494,100020,Resource Care,100029,Quarterly Review,Draft,Y,N,Scheduled a check-in for the coming month.,100129,Morgan Patel,N,,9.1,1.2,100656,Y,9.3,Are deliverables meeting expectations?,"Neutral, watching closely.",9.6,2.9,Alpha,N,1.6,1.5,1.8,8.5,7.0,9.9,5.1,,,Y,,100462,Emerson Reyes,2024-12-07 07:14:00,taylor.calder@examplecorp.test,,2025-02-19 18:02:00,arjun.ashby@examplecorp.test,,,,,skyler.larsson@demomail.test,Alex Sato,skyler.okafor@examplecorp.test,Reese Vance,Other,100543,Y,Gamma,yara.mercer@acme-fake.test,Mei Ivanov,N,703,291,3117,9681,Y,,,,,Followed up on the open items from last week.,,skyler.cohen@sampleco.test,,Aligned on billing and renewal terms.,rahul.sloan@demomail.test,taylor.ivanov@examplecorp.test,N,Standard,,,,Delta,Priya Kim,,,2025-12-26 15:43:00,3317,3776,Other,Other,Alpha,Alpha,2920,7796,4185,2518,807,Standard,Emerson Sloan,Liam Sato,2024-03-10 07:04:00,,,,,,,,,,,,,,
700495,100468,Resource Care,100316,Quarterly Review,Draft,N,N,Discussed timeline and next steps with the account.,100110,Priya Larsson,N,,2.7,9.5,100772,Y,7.3,How is communication with your team?,Happy with the progress.,6.5,4.1,Beta,Y,1.9,8.5,3.4,6.4,8.7,4.7,9.9,,,Y,,100503,Drew Blake,2025-04-03 08:37:00,omar.ford@demomail.test,,2023-04-19 20:12:00,arjun.reyes@sampleco.test,,,Beta,,drew.silva@acme-fake.test,Yara Whitfield,drew.dorsey@sampleco.test,Mei Brooks,Standard,100128,N,Delta,rowan.whitfield@acme-fake.test,Rahul Garcia,Y,7419,1025,5204,2319,N,,,,,Discussed timeline and next steps with the account.,,elena.larsson@examplecorp.test,,Followed up on the open items from last week.,casey.silva@sampleco.test,sofia.brooks@examplecorp.test,N,,,,,,,,,2023-04-22 06:32:00,1282,4638,Standard,Other,Other,Beta,5047,4382,9362,4543,2186,Gamma,Jamie Mercer,Aisha Sato,2025-05-02 07:46:00,,,,,,,,,,,,,,
700496,100704,Customer Management,100374,Quarterly Review,Final,N,Y,Reviewed performance and gathered feedback.,100518,Riley Silva,Y,,3.3,7.1,100363,Y,9.0,How likely are you to continue the engagement?,"Neutral, watching closely.",4.9,6.4,Alpha,N,5.6,2.2,6.5,4.7,1.4,9.8,7.0,,,N,,100455,Omar Ford,2023-02-20 17:54:00,priya.haddad@examplecorp.test,,2024-02-22 20:46:00,fatima.okafor@examplecorp.test,,,,,quinn.dorsey@demomail.test,Elena Mensah,elena.calder@demomail.test,Arjun Kim,Other,100672,Y,Delta,diego.rossi@demomail.test,Diego Ivanov,Y,2338,2457,5932,6861,N,,,,,Scheduled a check-in for the coming month.,,jamie.nguyen@examplecorp.test,,Aligned on billing and renewal terms.,jordan.okafor@sampleco.test,jordan.kim@examplecorp.test,Y,,Resolved the outstanding question about scope.,,,,,,,2024-09-06 07:46:00,5446,4850,Gamma,Beta,Standard,Alpha,3859,3642,731,1227,1312,Alpha,Reese Mercer,Quinn Dorsey,2025-04-08 00:17:00,,,,,,,,,,,,,,
700497,100217,Customer Management,100627,Quarterly Review,Draft,N,N,Reviewed performance and gathered feedback.,100374,Sofia Costa,N,,4.9,2.3,100182,N,7.0,How satisfied are you with the service?,"Going well, minor tweaks needed.",4.5,4.8,Standard,N,3.3,5.0,5.7,1.4,5.1,9.9,2.2,,,Y,,100333,Aisha Calder,2022-11-21 18:01:00,avery.sato@examplecorp.test,,2026-03-25 00:10:00,arjun.cohen@examplecorp.test,,,,,aisha.vance@examplecorp.test,Omar Ivanov,arjun.silva@acme-fake.test,Marco Nguyen,Standard,100661,N,Alpha,sofia.sloan@sampleco.test,Casey Brooks,Y,2127,3603,2808,3261,N,,,,,Shared the updated proposal for review.,,drew.vance@demomail.test,,Scheduled a check-in for the coming month.,noah.costa@demomail.test,diego.kim@acme-fake.test,N,,,Standard,,Delta,,,,2022-11-22 12:31:00,2294,6784,Other,Gamma,Gamma,Standard,5145,9911,7559,2481,1975,Gamma,Emerson Haddad,Jamie Cohen,2025-03-21 03:04:00,,,,,,,,,,,,,,
700498,100610,Resource Care,100513,Quarterly Review,Draft,N,N,Reviewed performance and gathered feedback.,100531,Marco Blake,N,,10.0,3.4,100139,Y,2.9,How likely are you to continue the engagement?,Happy with the progress.,1.9,7.5,Delta,N,4.7,8.8,4.0,9.3,7.9,3.9,3.3,,,Y,,100774,Liam Sloan,2024-10-01 10:11:00,yara.mensah@sampleco.test,,2024-07-23 00:53:00,fatima.calder@examplecorp.test,,,,,diego.patel@examplecorp.test,Morgan Ashby,diego.calder@demomail.test,Sofia Dorsey,Alpha,100516,N,Standard,omar.okafor@demomail.test,Nina Ford,N,8796,6432,223,5609,N,,,Beta,,Aligned on billing and renewal terms.,,rahul.vance@acme-fake.test,,Discussed timeline and next steps with the account.,alex.silva@examplecorp.test,yara.calder@sampleco.test,Y,,Reviewed performance and gathered feedback.,,,,,,,2024-02-20 09:36:00,2246,2757,Standard,Standard,Delta,Beta,9110,5476,6660,5495,8071,Other,Quinn Sato,Reese Mercer,2023-08-22 23:08:00,,,,,,,,,,,,,,
700499,100049,Resource Care,100083,Quarterly Review,Final,Y,Y,Followed up on the open items from last week.,100180,Marco Whitfield,Y,,1.2,8.1,100205,Y,5.9,Any concerns we should address?,"Neutral, watching closely.",1.6,3.6,Alpha,N,6.6,3.9,5.7,5.2,5.4,2.1,7.3,,,N,,100097,Riley Garcia,2023-03-15 18:35:00,reese.nguyen@sampleco.test,,2023-04-21 19:14:00,mei.ivanov@examplecorp.test,,,,Emerson Sloan,morgan.kim@examplecorp.test,Chen Mensah,mei.larsson@acme-fake.test,Diego Cohen,Delta,100290,Y,Other,nina.haddad@sampleco.test,Rahul Mensah,N,3913,49,4100,3133,Y,,,,,Scheduled a check-in for the coming month.,,aisha.whitfield@sampleco.test,,Followed up on the open items from last week.,marco.cohen@sampleco.test,diego.vance@examplecorp.test,N,,,Standard,Other,,,,,2023-10-13 01:01:00,5277,2944,Beta,Beta,Alpha,Standard,1730,2572,7910,4458,3936,Beta,Chen Whitfield,Morgan Larsson,2025-05-17 11:10:00,,,,,,Standard,,,,,,,,
700500,100729,Resource Care,100352,Quarterly Review,Draft,N,N,Reviewed performance and gathered feedback.,100017,Fatima Mercer,N,,9.6,1.9,100376,N,4.2,How likely are you to continue the engagement?,Some concerns about turnaround time.,7.0,2.7,Alpha,N,7.2,9.5,4.3,8.3,6.8,3.0,1.6,,,N,,100123,Marco Silva,2022-12-12 23:54:00,noah.rossi@examplecorp.test,,2023-02-17 02:13:00,liam.dorsey@examplecorp.test,,,,,emerson.sloan@sampleco.test,Quinn Patel,omar.calder@acme-fake.test,Arjun Cohen,Alpha,100604,N,Standard,casey.brooks@examplecorp.test,Reese Brooks,N,6261,7870,3572,1042,Y,,,,,Aligned on billing and renewal terms.,,yara.calder@acme-fake.test,,Followed up on the open items from last week.,rowan.whitfield@acme-fake.test,rahul.reyes@acme-fake.test,Y,Delta,,,,,,,,2025-12-23 21:19:00,4295,1456,Alpha,Beta,Other,Alpha,499,9667,1087,8866,5833,Delta,Jordan Ford,Taylor Blake,2023-10-05 21:53:00,,,,,,,,,,,,,,
700501,100755,Resource Care,100596,Customer Success Check-In,Final,Y,N,Resolved the outstanding question about scope.,100723,Morgan Kim,Y,,8.5,4.4,100185,Y,5.0,Any concerns we should address?,"Neutral, watching closely.",2.1,7.9,Beta,Y,6.5,1.2,7.4,1.8,1.4,8.4,6.4,,,Y,,100490,Elena Calder,2025-12-03 22:58:00,fatima.haddad@acme-fake.test,,2024-06-07 14:14:00,quinn.whitfield@sampleco.test,,,,,drew.patel@acme-fake.test,Chen Costa,nina.rossi@acme-fake.test,Emerson Ashby,Beta,100151,N,Delta,skyler.sato@demomail.test,Priya Ivanov,Y,3787,3903,3018,3724,N,,,,,Noted a concern to revisit at the next sync.,,nina.blake@sampleco.test,,Discussed timeline and next steps with the account.,chen.blake@acme-fake.test,casey.brooks@acme-fake.test,N,,,Delta,,,,,,2025-10-19 15:46:00,6271,3434,Delta,Gamma,Gamma,Delta,6225,4732,4550,2341,8259,Beta,Rowan Dorsey,Nina Kim,2023-09-26 15:12:00,,,,Beta,,,,,,,,,,
700502,100173,Customer Management,100532,Quarterly Review,Final,N,Y,Scheduled a check-in for the coming month.,100712,Rahul Costa,Y,,3.8,9.6,100238,N,1.3,Any concerns we should address?,"Going well, minor tweaks needed.",2.5,7.8,Beta,N,2.5,3.8,7.0,7.8,6.5,7.3,5.4,,,Y,,100676,Liam Sloan,2026-04-01 00:05:00,liam.ivanov@sampleco.test,,2024-07-19 04:01:00,mei.sloan@examplecorp.test,,,,,skyler.reyes@sampleco.test,Priya Sloan,sofia.kim@examplecorp.test,Jordan Whitfield,Standard,100217,Y,Alpha,arjun.costa@examplecorp.test,Avery Nguyen,Y,3601,8991,8071,7508,Y,,,,,Reviewed performance and gathered feedback.,,emerson.nguyen@acme-fake.test,Other,Scheduled a check-in for the coming month.,elena.costa@examplecorp.test,fatima.mercer@sampleco.test,N,,,,,,,,,2024-04-27 09:31:00,918,4486,Beta,Gamma,Beta,Delta,5032,8263,8016,2298,7935,Alpha,Chen Cohen,Elena Rossi,2026-04-07 20:24:00,,,,,,,,,,,,,,Avery Silva
700503,100110,Customer Management,100291,Quarterly Review,Final,N,Y,Resolved the outstanding question about scope.,100679,Jamie Calder,Y,,9.2,2.9,100632,N,7.6,Any concerns we should address?,Some concerns about turnaround time.,9.8,2.0,Beta,N,7.8,2.5,9.0,1.1,8.9,8.4,7.3,,,Y,,100596,Sofia Mercer,2022-10-12 21:27:00,quinn.mensah@demomail.test,Mei Sato,2025-10-04 14:54:00,casey.costa@examplecorp.test,,,Standard,,rahul.sato@examplecorp.test,Fatima Ashby,sofia.dorsey@demomail.test,Morgan Silva,Other,100060,N,Other,riley.garcia@sampleco.test,Skyler Mensah,N,9069,6198,2762,2460,Y,,,,,Aligned on billing and renewal terms.,Casey Blake,reese.silva@sampleco.test,,Aligned on billing and renewal terms.,fatima.calder@examplecorp.test,chen.blake@acme-fake.test,Y,,,,,,,,,2023-10-02 00:32:00,1467,1942,Alpha,Gamma,Standard,Gamma,6985,4267,3159,4248,9312,Other,Arjun Ivanov,Diego Calder,2024-07-02 11:35:00,,,,,,,,,,,,,Avery Haddad,
700504,100235,Resource Care,100517,Quarterly Review,Final,Y,Y,Noted a concern to revisit at the next sync.,100165,Elena Dorsey,N,,3.5,7.2,100042,Y,7.7,Are deliverables meeting expectations?,"Going well, minor tweaks needed.",2.3,2.9,Gamma,N,3.5,8.9,2.9,1.9,6.4,8.5,5.0,,,Y,,100456,Morgan Cohen,2023-10-31 17:13:00,liam.ford@sampleco.test,,2026-02-20 05:27:00,noah.cohen@acme-fake.test,,,,Liam Okafor,jordan.okafor@demomail.test,Diego Dorsey,jordan.calder@demomail.test,Skyler Okafor,Standard,100380,N,Other,mei.haddad@examplecorp.test,Aisha Haddad,Y,8646,7306,2636,9113,Y,,,,,Resolved the outstanding question about scope.,,elena.vance@examplecorp.test,,Reviewed performance and gathered feedback.,jordan.sloan@demomail.test,taylor.vance@sampleco.test,Y,Gamma,,,Other,Delta,Drew Patel,,,2025-01-15 00:26:00,8212,7796,Standard,Gamma,Standard,Delta,4424,4980,723,8017,2572,Other,Taylor Patel,Arjun Ivanov,2023-06-15 11:11:00,,,,,,,,,,,,,,
700505,100293,Customer Management,100704,Customer Success Check-In,Final,Y,N,Shared the updated proposal for review.,100443,Marco Rossi,N,,2.1,5.3,100426,Y,4.9,How likely are you to continue the engagement?,Some concerns about turnaround time.,9.4,5.5,Gamma,N,5.7,5.7,9.7,8.4,3.4,4.9,9.0,,,Y,,100058,Marco Rossi,2023-08-03 22:53:00,rowan.calder@examplecorp.test,,2023-01-11 14:11:00,mei.brooks@examplecorp.test,Arjun Costa,,,,alex.larsson@examplecorp.test,Skyler Calder,noah.brooks@sampleco.test,Omar Mensah,Standard,100229,Y,Standard,reese.vance@sampleco.test,Omar Silva,N,7574,2000,6212,3035,N,,,,,Followed up on the open items from last week.,,priya.mercer@sampleco.test,,Discussed timeline and next steps with the account.,jordan.larsson@demomail.test,rahul.mensah@demomail.test,N,Delta,,,Delta,,,Delta,,2025-12-23 04:00:00,2109,479,Other,Beta,Other,Other,7871,255,2920,9967,5174,Gamma,Marco Kim,Alex Costa,2025-07-27 14:42:00,,,,,,,,,,,1403,,,
700506,100516,Resource Care,100212,Customer Success Check-In,Final,N,N,Followed up on the open items from last week.,100403,Nina Ivanov,Y,,3.7,6.8,100359,N,1.7,How satisfied are you with the service?,Some concerns about turnaround time.,9.8,6.9,Standard,Y,7.2,3.1,9.3,8.7,3.6,4.2,9.3,,,Y,,100376,Yara Haddad,2023-12-24 19:09:00,rahul.vance@sampleco.test,,2023-07-19 23:27:00,jordan.kim@acme-fake.test,,,Beta,,diego.sato@acme-fake.test,Noah Vance,noah.mensah@examplecorp.test,Noah Rossi,Other,100368,N,Delta,casey.ashby@acme-fake.test,Aisha Ivanov,N,4762,4452,8507,5512,Y,,,,,Resolved the outstanding question about scope.,,rowan.brooks@demomail.test,,Reviewed performance and gathered feedback.,marco.kim@demomail.test,rowan.dorsey@demomail.test,Y,Delta,Aligned on billing and renewal terms.,,,,,,,2023-11-08 15:17:00,2285,2533,Other,Alpha,Other,Standard,5612,8004,8354,4004,9552,Alpha,Liam Silva,Aisha Haddad,2026-06-25 20:52:00,,,,,,,,,,,,,,
700507,100526,Resource Care,100426,Wellness Check-In,Final,N,N,Shared the updated proposal for review.,100339,Rowan Larsson,Y,,9.0,5.6,100582,Y,8.9,How satisfied are you with the service?,Exceeding expectations.,4.5,5.2,Delta,N,2.5,8.6,4.2,5.8,5.1,8.2,8.4,,,N,,100799,Drew Blake,2023-08-09 12:17:00,skyler.ford@examplecorp.test,,2022-10-13 03:42:00,aisha.costa@examplecorp.test,,,Other,,taylor.okafor@demomail.test,Taylor Silva,morgan.patel@sampleco.test,Rowan Dorsey,Delta,100143,N,Standard,arjun.costa@acme-fake.test,Riley Okafor,N,6648,7137,7188,3387,N,,,,,Aligned on billing and renewal terms.,,noah.silva@demomail.test,,Scheduled a check-in for the coming month.,priya.calder@acme-fake.test,jordan.cohen@acme-fake.test,Y,,,,,,,,,2025-03-11 12:40:00,7926,5593,Delta,Other,Other,Standard,3720,8659,1933,1363,491,Alpha,Quinn Blake,Priya Costa,2023-06-08 15:37:00,,,,,,,,,,,,,,
700508,100696,Customer Management,100340,Quarterly Review,Draft,N,Y,Scheduled a check-in for the coming month.,100683,Diego Nguyen,Y,,3.5,5.3,100526,N,5.2,How satisfied are you with the service?,Happy with the progress.,8.7,1.1,Alpha,Y,3.9,9.9,6.5,7.5,1.0,2.3,1.8,,,Y,,100513,Emerson Okafor,2023-04-18 01:45:00,drew.blake@acme-fake.test,,2024-09-30 21:01:00,casey.ivanov@sampleco.test,Skyler Dorsey,,,,quinn.ashby@examplecorp.test,Noah Calder,quinn.whitfield@examplecorp.test,Quinn Okafor,Gamma,100760,N,Beta,fatima.costa@examplecorp.test,Reese Dorsey,Y,8914,869,7286,3112,N,,,,,Shared the updated proposal for review.,,nina.mercer@acme-fake.test,,Discussed timeline and next steps with the account.,morgan.okafor@examplecorp.test,morgan.mensah@demomail.test,Y,,Shared the updated proposal for review.,,,,,Alpha,Alpha,2024-10-15 13:52:00,3224,8363,Gamma,Delta,Delta,Standard,813,1899,6501,7761,5879,Delta,Fatima Cohen,Arjun Larsson,2026-03-20 23:28:00,,,,,,,,,,,,,,
700509,100371,Customer Management,100267,Customer Success Check-In,Final,Y,N,Discussed timeline and next steps with the account.,100459,Liam Blake,Y,,8.6,9.6,100148,N,6.6,Any concerns we should address?,Happy with the progress.,8.3,5.9,Beta,Y,1.6,5.3,7.7,5.7,1.5,3.7,1.6,,,N,,100796,Noah Brooks,2025-07-21 10:10:00,chen.mercer@demomail.test,,2022-11-23 17:38:00,arjun.rossi@demomail.test,,,,,drew.mercer@acme-fake.test,Skyler Silva,nina.mercer@acme-fake.test,Avery Costa,Gamma,100758,Y,Alpha,nina.costa@examplecorp.test,Taylor Sato,N,3124,4762,5758,7273,N,,,,,Resolved the outstanding question about scope.,,nina.ivanov@examplecorp.test,,Scheduled a check-in for the coming month.,jordan.ashby@examplecorp.test,sofia.ford@acme-fake.test,Y,,,,Gamma,,,,Beta,2024-03-23 21:02:00,4139,2495,Delta,Standard,Beta,Delta,1493,7385,2476,6507,1799,Gamma,Yara Ashby,Marco Cohen,2023-12-23 09:46:00,,,,,,,,,,,,,,
700510,100598,Customer Management,100262,Wellness Check-In,Final,N,N,Reviewed performance and gathered feedback.,100348,Aisha Blake,Y,,6.1,6.8,100229,Y,7.1,Any concerns we should address?,Some concerns about turnaround time.,4.9,3.3,Standard,N,9.7,5.2,4.3,2.4,4.3,2.5,7.8,,,N,,100161,Noah Patel,2025-10-03 00:15:00,skyler.ashby@sampleco.test,,2026-04-24 02:22:00,avery.ivanov@sampleco.test,Jordan Reyes,,,Quinn Sato,nina.blake@examplecorp.test,Yara Brooks,marco.okafor@demomail.test,Aisha Vance,Beta,100272,N,Standard,sofia.blake@demomail.test,Alex Silva,N,3658,9054,6082,3066,Y,,,,,Noted a concern to revisit at the next sync.,,skyler.haddad@acme-fake.test,,Discussed timeline and next steps with the account.,aisha.reyes@demomail.test,alex.reyes@sampleco.test,N,Other,Discussed timeline and next steps with the account.,,,,,,,2025-12-27 08:33:00,3504,7286,Alpha,Beta,Gamma,Gamma,7881,9492,4829,5094,5980,Delta,Skyler Cohen,Quinn Silva,2025-01-27 13:00:00,,,,,,,,1253,,,,,,
700511,100696,Resource Care,100746,Quarterly Review,Final,Y,N,Reviewed performance and gathered feedback.,100479,Sofia Sato,Y,,5.6,7.5,100469,Y,6.3,How is communication with your team?,Very satisfied overall.,3.9,3.9,Gamma,N,6.0,6.3,8.8,1.2,6.9,5.8,5.2,,,N,,100314,Sofia Blake,2023-10-11 01:10:00,emerson.costa@examplecorp.test,,2023-03-27 01:46:00,chen.mensah@demomail.test,,,,,arjun.patel@demomail.test,Rahul Rossi,riley.calder@sampleco.test,Morgan Silva,Delta,100772,Y,Delta,quinn.ashby@examplecorp.test,Jordan Silva,Y,7629,8868,4485,7994,N,Standard,,,,Aligned on billing and renewal terms.,,rowan.larsson@demomail.test,,Noted a concern to revisit at the next sync.,yara.haddad@sampleco.test,fatima.cohen@examplecorp.test,N,,,Other,Alpha,Delta,,,,2026-04-22 00:39:00,1525,9779,Other,Standard,Beta,Beta,3016,5433,2577,76,9577,Other,Marco Kim,Chen Garcia,2026-01-29 09:18:00,,,,,,,,,,,,,,
700512,100782,Resource Care,100551,Customer Success Check-In,Final,N,Y,Followed up on the open items from last week.,100676,Jamie Calder,Y,,1.6,9.7,100136,N,9.4,How likely are you to continue the engagement?,Happy with the progress.,9.6,1.9,Beta,N,5.7,1.1,6.5,6.9,5.6,6.9,2.6,,,Y,,100309,Diego Sloan,2025-05-14 05:34:00,rahul.ford@sampleco.test,,2025-07-27 23:24:00,avery.cohen@acme-fake.test,,,,,liam.brooks@sampleco.test,Aisha Dorsey,yara.haddad@sampleco.test,Aisha Ashby,Other,100656,Y,Standard,taylor.cohen@sampleco.test,Taylor Mensah,Y,2723,8237,8445,1341,N,,,,,Aligned on billing and renewal terms.,,jamie.cohen@acme-fake.test,,Reviewed performance and gathered feedback.,taylor.cohen@acme-fake.test,sofia.rossi@examplecorp.test,Y,,Discussed timeline and next steps with the account.,Delta,Alpha,Delta,,,,2024-01-19 05:46:00,9442,5893,Gamma,Gamma,Gamma,Beta,8601,2005,7747,3860,2938,Gamma,Sofia Larsson,Drew Ivanov,2022-12-08 23:55:00,,,,,,,,,,,,,,
700513,100560,Resource Care,100060,Customer Success Check-In,Final,N,N,Discussed timeline and next steps with the account.,100086,Jordan Blake,N,,9.9,3.1,100195,Y,3.1,How likely are you to continue the engagement?,"Going well, minor tweaks needed.",9.2,1.9,Delta,Y,8.5,1.5,3.3,1.2,2.7,9.0,1.2,,,N,,100377,Drew Brooks,2025-05-10 22:50:00,avery.ford@examplecorp.test,,2023-11-25 22:24:00,marco.brooks@sampleco.test,,,,,diego.ford@acme-fake.test,Aisha Ivanov,diego.larsson@demomail.test,Skyler Mensah,Beta,100788,Y,Beta,avery.mercer@acme-fake.test,Priya Cohen,N,4582,9701,4773,4860,N,,,,,Followed up on the open items from last week.,,quinn.haddad@acme-fake.test,,Shared the updated proposal for review.,avery.whitfield@examplecorp.test,riley.reyes@examplecorp.test,Y,,,Delta,,Gamma,,,,2026-06-23 14:22:00,1469,5834,Other,Other,Other,Alpha,5526,1992,8945,1764,6453,Gamma,Chen Patel,Chen Costa,2025-03-11 05:45:00,,,,,,,,,,,,,,
700514,100280,Customer Management,100771,Wellness Check-In,Final,N,N,Followed up on the open items from last week.,100683,Reese Blake,Y,,2.9,7.7,100746,N,5.4,How satisfied are you with the service?,"Neutral, watching closely.",4.5,9.3,Alpha,N,1.5,3.6,5.7,1.4,2.6,7.5,5.0,,,N,,100388,Liam Haddad,2026-03-13 04:36:00,priya.rossi@examplecorp.test,,2024-01-25 01:59:00,rahul.larsson@acme-fake.test,,,,Rahul Vance,arjun.larsson@demomail.test,Diego Reyes,omar.kim@demomail.test,Reese Silva,Standard,100624,Y,Standard,emerson.okafor@sampleco.test,Diego Kim,Y,329,9701,9227,2382,Y,,,,,Scheduled a check-in for the coming month.,,jamie.larsson@examplecorp.test,,Shared the updated proposal for review.,rahul.sloan@acme-fake.test,fatima.silva@acme-fake.test,N,,,,,,,,,2022-11-06 21:08:00,9538,645,Other,Gamma,Gamma,Delta,5969,7316,5000,2868,5669,Other,Sofia Whitfield,Sofia Garcia,2025-10-02 08:36:00,,,Gamma,,,,,,,,,,,
700515,100803,Customer Management,100518,Quarterly Review,Final,N,N,Discussed timeline and next steps with the account.,100487,Arjun Vance,Y,,5.5,7.1,100290,N,3.9,Are deliverables meeting expectations?,"Going well, minor tweaks needed.",8.6,3.6,Standard,Y,2.8,2.3,8.2,6.6,3.5,2.0,5.1,,,Y,,100107,Omar Brooks,2023-05-15 09:36:00,mei.cohen@acme-fake.test,,2022-12-09 14:10:00,rahul.ashby@examplecorp.test,,,,Mei Okafor,avery.brooks@demomail.test,Jamie Larsson,noah.larsson@sampleco.test,Casey Garcia,Beta,100753,Y,Beta,rowan.ford@sampleco.test,Jamie Sato,Y,1489,3280,261,7432,Y,,,,,Shared the updated proposal for review.,,jamie.sato@demomail.test,,Noted a concern to revisit at the next sync.,chen.mensah@acme-fake.test,omar.whitfield@acme-fake.test,N,,Scheduled a check-in for the coming month.,,,,,,,2022-10-21 22:16:00,3728,2784,Beta,Beta,Other,Standard,6016,2477,540,9406,8058,Standard,Riley Reyes,Riley Sato,2023-05-04 22:03:00,,9157,,,,,,,,,,,,
700516,100410,Resource Care,100692,Customer Success Check-In,Final,N,N,Shared the updated proposal for review.,100445,Elena Mercer,Y,,1.2,4.9,100386,Y,2.4,Are deliverables meeting expectations?,Very satisfied overall.,7.9,9.4,Delta,Y,2.3,8.8,2.4,5.0,6.2,6.9,1.5,,,N,,100037,Mei Mensah,2026-03-29 20:49:00,taylor.brooks@acme-fake.test,,2023-05-12 14:12:00,omar.mensah@examplecorp.test,,,,,priya.nguyen@sampleco.test,Quinn Larsson,nina.mercer@sampleco.test,Arjun Rossi,Gamma,100715,N,Delta,chen.rossi@acme-fake.test,Drew Okafor,N,8246,1519,3487,1938,Y,,,,,Noted a concern to revisit at the next sync.,,alex.okafor@examplecorp.test,,Noted a concern to revisit at the next sync.,casey.whitfield@sampleco.test,avery.reyes@sampleco.test,Y,,,Gamma,Standard,,Omar Garcia,,Beta,2025-07-11 00:27:00,6650,8660,Alpha,Beta,Standard,Beta,6918,5026,3045,2605,9714,Delta,Alex Ford,Riley Costa,2024-03-05 10:18:00,,,,,,,,,,,,,,
700517,100699,Resource Care,100434,Wellness Check-In,Final,Y,N,Reviewed performance and gathered feedback.,100348,Drew Haddad,N,,6.4,5.3,100291,N,3.7,How likely are you to continue the engagement?,Very satisfied overall.,7.8,6.2,Other,N,4.2,3.5,4.6,3.1,1.5,5.4,8.8,,,Y,,100479,Reese Rossi,2026-07-16 06:50:00,sofia.garcia@examplecorp.test,,2023-07-26 01:44:00,liam.dorsey@demomail.test,,,,,casey.reyes@sampleco.test,Priya Silva,jamie.nguyen@sampleco.test,Aisha Dorsey,Other,100257,N,Standard,mei.cohen@sampleco.test,Nina Ford,Y,828,537,6604,2005,N,,,,,Scheduled a check-in for the coming month.,,alex.ashby@demomail.test,,Reviewed performance and gathered feedback.,liam.reyes@demomail.test,avery.blake@examplecorp.test,Y,,,Standard,,,,,Standard,2022-12-22 17:06:00,1171,4794,Beta,Other,Beta,Gamma,1924,8903,7178,5002,3942,Standard,Riley Sloan,Quinn Mensah,2023-02-28 11:46:00,,,,,,,,,,,,,,
700518,100069,Customer Management,100518,Customer Success Check-In,Final,Y,Y,Resolved the outstanding question about scope.,100676,Diego Calder,N,,2.6,1.4,100793,Y,1.9,How satisfied are you with the service?,Very satisfied overall.,6.6,3.8,Alpha,N,6.7,5.6,9.6,2.8,2.5,9.0,6.2,,,Y,,100432,Diego Calder,2022-10-27 04:45:00,fatima.ivanov@sampleco.test,,2023-12-28 01:43:00,casey.reyes@acme-fake.test,Casey Sato,,Other,,reese.mensah@acme-fake.test,Elena Ashby,alex.reyes@demomail.test,Jamie Ivanov,Delta,100015,Y,Beta,yara.blake@acme-fake.test,Yara Okafor,Y,6562,6443,8249,6365,N,,,,,Reviewed performance and gathered feedback.,,morgan.okafor@sampleco.test,,Shared the updated proposal for review.,riley.ivanov@sampleco.test,aisha.rossi@examplecorp.test,Y,,Discussed timeline and next steps with the account.,Other,,,,Gamma,,2025-10-08 05:29:00,7917,1328,Alpha,Gamma,Gamma,Gamma,8458,4392,7250,3569,2104,Standard,Avery Mensah,Aisha Okafor,2025-05-30 00:45:00,,,,,,,,,,,632,,,
700519,100681,Customer Management,100395,Wellness Check-In,Final,Y,N,Reviewed performance and gathered feedback.,100780,Liam Sato,Y,,5.4,4.8,100469,N,8.2,How satisfied are you with the service?,"Going well, minor tweaks needed.",9.5,4.5,Other,N,1.0,4.9,9.0,5.0,6.9,6.6,3.5,,,N,,100604,Casey Larsson,2025-05-24 17:05:00,priya.sato@demomail.test,,2026-07-22 00:50:00,quinn.haddad@acme-fake.test,,,,,marco.ivanov@sampleco.test,Reese Silva,casey.mercer@examplecorp.test,Alex Vance,Standard,100798,N,Beta,rahul.reyes@acme-fake.test,Alex Calder,N,7907,9118,984,287,N,,,,,Aligned on billing and renewal terms.,,jamie.cohen@acme-fake.test,,Resolved the outstanding question about scope.,emerson.larsson@acme-fake.test,sofia.larsson@demomail.test,Y,,,,,,,,,2025-08-30 19:54:00,900,3871,Other,Alpha,Standard,Other,7300,3913,6061,4564,438,Other,Quinn Brooks,Jordan Kim,2022-12-24 14:17:00,,,,,,,,,,,,,,
700520,100498,Resource Care,100171,Quarterly Review,Final,N,N,Discussed timeline and next steps with the account.,100371,Priya Garcia,N,,4.5,1.2,100122,N,2.8,How satisfied are you with the service?,Happy with the progress.,2.0,5.7,Gamma,Y,1.9,5.8,6.7,9.1,9.5,8.6,6.3,,,N,,100234,Priya Haddad,2024-10-08 08:58:00,yara.silva@acme-fake.test,,2024-03-19 06:43:00,rahul.garcia@demomail.test,,,,,taylor.sato@examplecorp.test,Omar Costa,quinn.mensah@examplecorp.test,Rahul Vance,Delta,100034,Y,Standard,sofia.ivanov@sampleco.test,Liam Dorsey,N,3817,7946,5107,146,N,,,,,Aligned on billing and renewal terms.,,casey.larsson@acme-fake.test,,Aligned on billing and renewal terms.,yara.ivanov@acme-fake.test,arjun.vance@examplecorp.test,Y,,,Alpha,Standard,,,,,2025-10-22 23:56:00,6175,3512,Gamma,Gamma,Other,Standard,3900,7368,9633,3534,8975,Other,Aisha Sloan,Alex Dorsey,2025-09-30 11:31:00,,,Gamma,,,,,,,,,,,
700521,100229,Customer Management,100380,Wellness Check-In,Final,N,N,Followed up on the open items from last week.,100180,Alex Rossi,N,,4.6,6.9,100103,N,4.3,Any concerns we should address?,Very satisfied overall.,1.9,5.3,Beta,Y,3.8,9.5,5.8,8.2,4.4,1.6,5.6,,,N,,100097,Quinn Patel,2023-10-31 06:56:00,emerson.dorsey@demomail.test,,2023-09-24 04:16:00,jamie.larsson@sampleco.test,Elena Calder,,,,alex.costa@sampleco.test,Chen Blake,quinn.ford@examplecorp.test,Emerson Okafor,Alpha,100518,Y,Standard,chen.sato@demomail.test,Priya Ashby,Y,9347,2327,8399,7522,N,,,,,Reviewed performance and gathered feedback.,,noah.ford@sampleco.test,,Reviewed performance and gathered feedback.,rowan.larsson@acme-fake.test,yara.calder@demomail.test,N,,Shared the updated proposal for review.,,,,Rowan Mensah,Delta,Alpha,2025-12-19 22:54:00,1984,503,Gamma,Other,Alpha,Gamma,9359,8215,4310,3267,5666,Beta,Sofia Calder,Morgan Dorsey,2026-02-17 15:08:00,,,,,,,,,,,,,,
700522,100168,Resource Care,100628,Quarterly Review,Final,Y,Y,Aligned on billing and renewal terms.,100302,Liam Kim,N,,7.5,8.1,100209,Y,2.9,Any concerns we should address?,Exceeding expectations.,9.8,5.8,Alpha,N,6.6,3.9,5.3,3.2,7.7,9.7,3.8,,,Y,,100457,Diego Ashby,2023-09-08 21:10:00,drew.cohen@examplecorp.test,,2026-07-25 13:30:00,alex.brooks@examplecorp.test,,,Other,,alex.costa@sampleco.test,Drew Sato,yara.dorsey@acme-fake.test,Yara Ford,Delta,100275,N,Other,priya.haddad@acme-fake.test,Marco Sato,N,2638,4263,1844,4528,N,,,,,Scheduled a check-in for the coming month.,,liam.cohen@acme-fake.test,,Scheduled a check-in for the coming month.,yara.blake@acme-fake.test,chen.blake@acme-fake.test,Y,,,,,,,,,2022-11-02 06:04:00,4686,2933,Other,Gamma,Alpha,Other,3725,961,6057,7275,1199,Other,Reese Silva,Skyler Larsson,2023-11-08 05:21:00,,,,,,,,,,,,,,
700523,100044,Resource Care,100576,Wellness Check-In,Final,Y,Y,Scheduled a check-in for the coming month.,100241,Marco Blake,Y,,6.4,5.4,100741,N,4.9,Are deliverables meeting expectations?,"Neutral, watching closely.",7.2,6.6,Beta,N,7.1,1.4,6.0,7.9,8.1,8.4,2.5,,,N,,100486,Alex Ford,2025-08-11 10:54:00,liam.garcia@demomail.test,,2024-12-30 18:04:00,jordan.ivanov@demomail.test,Aisha Sloan,,Alpha,,jordan.okafor@examplecorp.test,Yara Patel,skyler.ashby@examplecorp.test,Rahul Ivanov,Alpha,100490,Y,Alpha,quinn.kim@acme-fake.test,Liam Sato,N,1009,4876,7919,8069,N,,,,,Noted a concern to revisit at the next sync.,,jordan.sato@examplecorp.test,,Scheduled a check-in for the coming month.,marco.mercer@acme-fake.test,fatima.garcia@acme-fake.test,Y,Alpha,,,Standard,Alpha,,,Gamma,2023-11-26 18:21:00,4249,5101,Standard,Other,Alpha,Beta,8892,7406,8043,7840,6941,Standard,Reese Calder,Jordan Ivanov,2025-04-14 21:34:00,,,,,Gamma,,,,,,,,,
700524,100429,Customer Management,100469,Wellness Check-In,Draft,Y,Y,Reviewed performance and gathered feedback.,100485,Casey Okafor,Y,,4.7,3.8,100474,Y,4.4,How is communication with your team?,Some concerns about turnaround time.,1.9,5.3,Other,N,4.7,1.2,2.5,7.9,6.7,5.7,8.8,,,N,,100749,Priya Blake,2023-07-17 19:10:00,elena.brooks@acme-fake.test,,2025-09-01 03:15:00,casey.sloan@examplecorp.test,Avery Dorsey,,,,casey.sato@examplecorp.test,Diego Haddad,alex.cohen@sampleco.test,Omar Mercer,Gamma,100223,Y,Alpha,skyler.kim@examplecorp.test,Drew Brooks,Y,851,1922,7313,4706,Y,,Standard,,,Shared the updated proposal for review.,,omar.costa@examplecorp.test,,Discussed timeline and next steps with the account.,arjun.nguyen@examplecorp.test,alex.mensah@acme-fake.test,N,,,,,,,Beta,Other,2023-03-26 15:46:00,7510,5655,Gamma,Standard,Delta,Alpha,6365,445,3228,3060,9298,Beta,Mei Haddad,Taylor Cohen,2026-02-02 23:01:00,,,,,,,,,,,,,,
700525,100177,Resource Care,100382,Quarterly Review,Final,Y,N,Discussed timeline and next steps with the account.,100005,Riley Costa,N,,4.3,7.2,100205,N,2.1,How likely are you to continue the engagement?,Very satisfied overall.,7.7,4.1,Beta,Y,9.6,1.9,1.9,4.4,5.3,4.5,9.9,,,N,,100585,Rahul Silva,2025-04-11 15:00:00,reese.whitfield@acme-fake.test,,2024-05-05 19:40:00,skyler.nguyen@examplecorp.test,,,,Diego Calder,rowan.nguyen@examplecorp.test,Noah Okafor,reese.blake@sampleco.test,Marco Rossi,Alpha,100474,Y,Standard,priya.cohen@sampleco.test,Taylor Okafor,Y,1410,9208,8316,6292,N,,,,,Aligned on billing and renewal terms.,,drew.nguyen@acme-fake.test,,Discussed timeline and next steps with the account.,jamie.larsson@sampleco.test,emerson.reyes@demomail.test,N,Delta,,,,,,,,2025-06-14 23:48:00,6255,9054,Delta,Gamma,Delta,Delta,7322,1833,7673,2417,1313,Alpha,Omar Sloan,Jamie Dorsey,2025-05-27 08:23:00,,,,,,,,,,,,,,
700526,100063,Resource Care,100470,Customer Success Check-In,Final,N,Y,Scheduled a check-in for the coming month.,100185,Aisha Vance,Y,,5.9,5.9,100735,N,8.5,How satisfied are you with the service?,Some concerns about turnaround time.,6.9,4.5,Alpha,N,7.0,2.3,2.5,8.4,9.6,4.8,2.3,,,Y,,100555,Morgan Cohen,2025-06-01 18:37:00,emerson.ashby@demomail.test,,2026-06-02 11:51:00,casey.ford@acme-fake.test,,,Delta,Skyler Rossi,marco.okafor@demomail.test,Quinn Calder,casey.ashby@demomail.test,Alex Whitfield,Other,100177,Y,Beta,fatima.patel@acme-fake.test,Morgan Reyes,N,5943,7483,9771,2617,N,,,,,Discussed timeline and next steps with the account.,,morgan.calder@acme-fake.test,,Reviewed performance and gathered feedback.,omar.ford@demomail.test,riley.patel@examplecorp.test,N,,,,,,,,,2025-10-14 10:15:00,4085,7938,Gamma,Alpha,Delta,Gamma,3273,3095,9882,948,4822,Delta,Riley Vance,Skyler Okafor,2025-02-01 10:53:00,,,,,,,,,,,,,,
700527,100063,Customer Management,100075,Quarterly Review,Final,N,Y,Shared the updated proposal for review.,100604,Drew Larsson,Y,,2.4,9.6,100141,N,6.4,How is communication with your team?,Exceeding expectations.,2.2,9.2,Other,Y,9.3,5.4,10.0,4.0,5.2,7.0,7.8,,,N,,100142,Reese Whitfield,2026-03-04 00:33:00,diego.patel@acme-fake.test,,2026-06-10 00:17:00,arjun.sloan@acme-fake.test,,,,Arjun Ivanov,alex.silva@examplecorp.test,Marco Larsson,riley.rossi@sampleco.test,Yara Okafor,Gamma,100565,Y,Alpha,morgan.costa@demomail.test,Rowan Reyes,Y,3440,3192,7658,8456,N,,,,,Shared the updated proposal for review.,,liam.calder@sampleco.test,,Aligned on billing and renewal terms.,rowan.vance@acme-fake.test,sofia.vance@sampleco.test,Y,Beta,,,,Standard,,Gamma,,2022-11-26 10:23:00,6029,5538,Other,Other,Alpha,Delta,1093,6866,4990,5420,2679,Alpha,Elena Ivanov,Diego Dorsey,2026-01-09 04:51:00,,,,,,,,,,,,,,
700528,100363,Resource Care,100415,Customer Success Check-In,Final,N,N,Discussed timeline and next steps with the account.,100421,Rahul Ivanov,N,,10.0,8.3,100329,N,8.0,How likely are you to continue the engagement?,Happy with the progress.,2.2,2.0,Other,Y,9.2,1.8,2.2,7.1,2.6,9.8,5.0,,,N,,100101,Jordan Blake,2024-07-01 16:20:00,alex.sloan@acme-fake.test,,2022-12-29 20:24:00,quinn.cohen@demomail.test,,,Delta,,arjun.nguyen@examplecorp.test,Fatima Reyes,liam.nguyen@demomail.test,Arjun Whitfield,Beta,100587,N,Alpha,arjun.ashby@sampleco.test,Jordan Reyes,N,8155,2258,8847,760,Y,,,,,Resolved the outstanding question about scope.,,riley.ford@sampleco.test,,Shared the updated proposal for review.,diego.okafor@sampleco.test,marco.larsson@acme-fake.test,N,,Shared the updated proposal for review.,Standard,,,Liam Haddad,,,2025-08-18 20:09:00,9897,4407,Standard,Delta,Standard,Standard,9483,517,2031,5347,9322,Alpha,Quinn Okafor,Emerson Brooks,2025-10-24 19:54:00,,,,,,,,,,,,,,
700529,100208,Customer Management,100455,Wellness Check-In,Final,Y,N,Resolved the outstanding question about scope.,100432,Fatima Haddad,Y,,6.7,1.9,100720,N,3.0,How likely are you to continue the engagement?,"Going well, minor tweaks needed.",3.4,5.4,Delta,N,3.2,1.9,4.0,9.0,9.5,5.3,1.4,,,Y,,100449,Arjun Rossi,2025-09-14 16:29:00,sofia.larsson@sampleco.test,,2024-12-27 02:16:00,elena.ivanov@demomail.test,,,,,taylor.vance@sampleco.test,Quinn Brooks,arjun.silva@demomail.test,Liam Patel,Other,100195,Y,Beta,emerson.blake@acme-fake.test,Taylor Rossi,Y,1899,3771,8711,9952,Y,,,,,Followed up on the open items from last week.,,morgan.kim@sampleco.test,,Scheduled a check-in for the coming month.,sofia.costa@acme-fake.test,skyler.reyes@examplecorp.test,Y,Other,,Beta,,Standard,Rowan Kim,,,2023-10-25 08:56:00,4632,6264,Delta,Other,Gamma,Standard,450,9160,5686,1498,2767,Beta,Aisha Haddad,Quinn Mercer,2026-05-30 16:35:00,,,,,,Delta,,,,,,,,
700530,100676,Customer Management,100498,Wellness Check-In,Final,Y,Y,Noted a concern to revisit at the next sync.,100744,Sofia Haddad,Y,,1.5,1.9,100205,Y,5.1,How likely are you to continue the engagement?,Some concerns about turnaround time.,6.7,4.7,Delta,Y,4.1,2.9,6.6,8.6,5.2,9.9,8.4,,,Y,,100359,Alex Ashby,2025-02-07 06:49:00,rahul.calder@acme-fake.test,,2026-07-18 07:50:00,jordan.ashby@sampleco.test,,,Delta,,emerson.cohen@demomail.test,Chen Cohen,reese.ford@demomail.test,Diego Ford,Alpha,100681,N,Beta,skyler.ashby@demomail.test,Fatima Nguyen,N,8505,9620,8754,5224,N,,,,,Aligned on billing and renewal terms.,,liam.dorsey@sampleco.test,,Followed up on the open items from last week.,mei.reyes@demomail.test,emerson.mercer@sampleco.test,Y,,,,,,,,Other,2026-03-23 08:20:00,355,2753,Standard,Beta,Beta,Delta,2108,4974,5106,8702,2255,Beta,Casey Sato,Jordan Whitfield,2024-06-08 12:15:00,,,,,,,,,,,,,Riley Silva,
700531,100190,Customer Management,100661,Wellness Check-In,Final,Y,N,Shared the updated proposal for review.,100661,Omar Cohen,Y,,8.8,1.9,100573,Y,3.6,How is communication with your team?,Some concerns about turnaround time.,5.7,7.9,Alpha,N,7.2,8.3,3.5,6.8,7.8,8.5,8.3,,,Y,,100044,Nina Kim,2024-03-24 08:00:00,noah.vance@acme-fake.test,,2024-05-25 12:10:00,nina.blake@examplecorp.test,Elena Patel,,Delta,,jamie.sloan@demomail.test,Priya Reyes,avery.nguyen@examplecorp.test,Rahul Rossi,Standard,100351,Y,Standard,yara.rossi@demomail.test,Quinn Ivanov,N,4489,3133,5800,8845,N,,,,,Scheduled a check-in for the coming month.,,fatima.ivanov@examplecorp.test,,Noted a concern to revisit at the next sync.,aisha.larsson@examplecorp.test,morgan.okafor@acme-fake.test,Y,,Resolved the outstanding question about scope.,Standard,,Alpha,,,,2026-04-22 21:31:00,6258,9397,Standard,Gamma,Beta,Beta,4704,8903,4994,7954,578,Delta,Priya Whitfield,Yara Whitfield,2025-10-07 02:14:00,,,,,,,,,,,,,,
700532,100782,Resource Care,100388,Quarterly Review,Draft,N,Y,Resolved the outstanding question about scope.,100546,Casey Garcia,N,,9.0,8.2,100613,Y,3.5,How likely are you to continue the engagement?,"Neutral, watching closely.",1.6,3.7,Other,N,8.8,5.4,3.7,6.4,2.2,5.0,7.2,,,N,,100736,Priya Brooks,2023-10-21 05:26:00,marco.sato@sampleco.test,,2025-04-02 18:45:00,priya.whitfield@acme-fake.test,Nina Haddad,,,,emerson.nguyen@examplecorp.test,Diego Reyes,jordan.calder@examplecorp.test,Morgan Okafor,Delta,100267,N,Other,marco.mensah@acme-fake.test,Priya Silva,N,2438,5630,2103,5328,N,,,,,Shared the updated proposal for review.,,nina.ivanov@demomail.test,,Noted a concern to revisit at the next sync.,fatima.ford@demomail.test,alex.haddad@sampleco.test,Y,,,Beta,,Other,,,,2026-04-20 16:49:00,4580,7154,Other,Standard,Alpha,Delta,3680,7680,2410,2486,3343,Alpha,Chen Ivanov,Liam Okafor,2026-07-02 02:30:00,,,,,,,,,,,,,,
700533,100342,Customer Management,100511,Customer Success Check-In,Final,Y,Y,Scheduled a check-in for the coming month.,100171,Fatima Vance,N,,5.9,8.1,100119,N,6.6,Are deliverables meeting expectations?,Exceeding expectations.,6.0,8.0,Beta,N,5.4,9.8,2.3,7.7,3.4,6.7,2.6,,,Y,,100029,Sofia Costa,2024-05-14 20:45:00,emerson.cohen@acme-fake.test,,2025-04-17 03:23:00,emerson.nguyen@demomail.test,Quinn Silva,,,Skyler Mensah,marco.ford@examplecorp.test,Mei Sato,reese.ashby@acme-fake.test,Jordan Mensah,Other,100459,N,Other,drew.ivanov@acme-fake.test,Fatima Silva,Y,1527,5286,7606,6066,Y,,,,,Noted a concern to revisit at the next sync.,,casey.sato@examplecorp.test,,Scheduled a check-in for the coming month.,rahul.ivanov@sampleco.test,jordan.reyes@examplecorp.test,Y,Gamma,,Delta,,,,Beta,Beta,2023-02-21 03:24:00,593,7910,Standard,Beta,Beta,Standard,5928,2649,6074,9711,902,Gamma,Drew Whitfield,Sofia Patel,2025-11-05 10:05:00,,,,,,,,,,,,,,
700534,100331,Customer Management,100767,Wellness Check-In,Final,N,Y,Followed up on the open items from last week.,100705,Rowan Ford,N,,6.9,8.8,100638,N,6.0,Any concerns we should address?,Very satisfied overall.,1.9,1.7,Gamma,N,1.7,1.9,2.0,9.7,1.0,8.0,8.4,,,N,,100141,Arjun Whitfield,2022-11-18 13:19:00,avery.vance@demomail.test,,2025-03-06 07:24:00,diego.sato@sampleco.test,,,,,casey.costa@sampleco.test,Diego Cohen,morgan.calder@acme-fake.test,Quinn Sloan,Beta,100224,N,Gamma,diego.silva@sampleco.test,Aisha Calder,N,3947,4210,116,7548,N,,,,,Shared the updated proposal for review.,,priya.blake@acme-fake.test,,Discussed timeline and next steps with the account.,emerson.okafor@examplecorp.test,marco.dorsey@acme-fake.test,N,Standard,,Other,Beta,,,,,2024-07-15 04:49:00,2147,3459,Beta,Other,Alpha,Delta,2981,8479,3319,2224,2698,Alpha,Elena Larsson,Alex Okafor,2024-07-25 20:17:00,,,,,,,,,,,,,,
700535,100188,Resource Care,100782,Quarterly Review,Draft,Y,N,Shared the updated proposal for review.,100042,Arjun Vance,Y,,7.9,5.9,100333,Y,6.9,How satisfied are you with the service?,Some concerns about turnaround time.,9.7,8.2,Gamma,N,1.0,7.5,2.6,5.4,2.7,6.0,9.2,,,Y,,100774,Aisha Cohen,2024-10-20 03:51:00,sofia.blake@acme-fake.test,,2023-02-28 08:03:00,elena.sato@examplecorp.test,,,,,yara.nguyen@examplecorp.test,Reese Mensah,noah.mensah@examplecorp.test,Jordan Costa,Alpha,100086,Y,Delta,arjun.ford@demomail.test,Yara Vance,N,3807,1758,6315,2149,Y,,Standard,,,Scheduled a check-in for the coming month.,,jordan.nguyen@sampleco.test,,Shared the updated proposal for review.,elena.mercer@acme-fake.test,casey.calder@examplecorp.test,Y,Other,Discussed timeline and next steps with the account.,,Other,,,,Alpha,2022-10-12 14:35:00,6912,7548,Alpha,Other,Standard,Alpha,3112,7375,5904,7470,4702,Delta,Nina Silva,Arjun Ashby,2024-05-14 06:53:00,,,,,,,,,,,,,,
700536,100800,Resource Care,100767,Wellness Check-In,Final,Y,N,Noted a concern to revisit at the next sync.,100456,Riley Mercer,Y,,5.0,3.2,100037,N,3.8,Any concerns we should address?,"Neutral, watching closely.",2.9,1.9,Other,Y,7.9,3.8,9.6,5.0,2.2,6.6,8.0,,,N,,100254,Riley Brooks,2023-07-26 19:56:00,liam.blake@acme-fake.test,Riley Sato,2023-10-25 12:27:00,fatima.ford@examplecorp.test,,,,Diego Ivanov,jordan.mercer@demomail.test,Jamie Kim,rahul.cohen@examplecorp.test,Arjun Brooks,Standard,100523,N,Other,liam.dorsey@sampleco.test,Avery Dorsey,Y,2086,9109,5797,5505,Y,,,,,Scheduled a check-in for the coming month.,,morgan.patel@sampleco.test,,Aligned on billing and renewal terms.,diego.okafor@examplecorp.test,casey.okafor@demomail.test,Y,Other,,,,,Elena Silva,Other,,2025-07-01 14:42:00,9907,7625,Delta,Alpha,Gamma,Standard,4119,7304,8856,7355,5485,Delta,Morgan Mensah,Alex Ford,2025-03-21 20:56:00,,,,,,Delta,,,,,,,,
700537,100086,Customer Management,100573,Quarterly Review,Final,Y,N,Discussed timeline and next steps with the account.,100729,Elena Sloan,Y,,9.0,6.2,100503,N,9.0,How likely are you to continue the engagement?,Happy with the progress.,8.2,7.7,Beta,Y,7.1,7.2,7.6,5.0,2.0,6.1,1.2,,,Y,,100585,Jamie Calder,2022-12-28 16:26:00,fatima.kim@acme-fake.test,,2026-05-11 09:05:00,chen.silva@demomail.test,,,,,skyler.patel@demomail.test,Arjun Sato,marco.vance@sampleco.test,Drew Brooks,Standard,100094,N,Beta,omar.sato@sampleco.test,Jordan Mercer,Y,9768,8155,4496,5415,Y,,,,,Discussed timeline and next steps with the account.,,arjun.vance@demomail.test,,Shared the updated proposal for review.,yara.patel@sampleco.test,avery.kim@acme-fake.test,N,,,,,,,,,2025-09-17 23:17:00,9639,7912,Alpha,Standard,Beta,Alpha,3272,7070,7285,2808,7141,Other,Aisha Sato,Sofia Rossi,2025-09-05 19:05:00,,,,,,,,,,,,Delta,,
700538,100735,Customer Management,100359,Wellness Check-In,Final,Y,Y,Aligned on billing and renewal terms.,100051,Skyler Dorsey,N,,7.4,1.9,100257,N,2.9,How satisfied are you with the service?,"Neutral, watching closely.",9.8,9.6,Other,Y,7.6,8.6,2.9,2.3,9.7,8.7,2.5,,,N,,100792,Diego Nguyen,2023-09-04 07:17:00,avery.larsson@examplecorp.test,,2023-12-17 00:25:00,yara.brooks@examplecorp.test,Reese Cohen,,,Omar Sloan,omar.nguyen@sampleco.test,Avery Haddad,chen.okafor@demomail.test,Noah Rossi,Other,100496,N,Beta,emerson.brooks@examplecorp.test,Reese Whitfield,Y,9631,3159,6672,356,Y,,,,,Shared the updated proposal for review.,,yara.rossi@demomail.test,Delta,Resolved the outstanding question about scope.,avery.whitfield@acme-fake.test,drew.reyes@acme-fake.test,N,,,,,,,,,2023-10-31 14:39:00,7588,9289,Standard,Gamma,Standard,Beta,6710,1909,3244,6482,7581,Delta,Avery Rossi,Aisha Blake,2022-11-03 14:09:00,6010,,,,,,2455,,,,,,,
700539,100037,Resource Care,100142,Customer Success Check-In,Final,Y,N,Resolved the outstanding question about scope.,100051,Jordan Cohen,Y,,1.2,1.5,100494,Y,8.6,How is communication with your team?,"Neutral, watching closely.",9.8,7.3,Alpha,Y,9.8,1.1,5.4,7.5,1.9,8.4,9.8,,,Y,,100408,Fatima Sloan,2024-12-03 00:52:00,casey.brooks@acme-fake.test,,2024-07-27 12:29:00,reese.costa@demomail.test,,,Alpha,,quinn.sato@examplecorp.test,Mei Larsson,nina.sato@acme-fake.test,Priya Okafor,Delta,100173,Y,Delta,rowan.reyes@acme-fake.test,Diego Dorsey,N,8917,6163,8758,3203,N,,Alpha,,,Followed up on the open items from last week.,,marco.cohen@demomail.test,,Discussed timeline and next steps with the account.,priya.whitfield@sampleco.test,quinn.reyes@examplecorp.test,N,,,,,,,Beta,,2023-03-23 04:39:00,8942,2402,Other,Delta,Beta,Standard,6419,4697,8261,2977,4949,Alpha,Chen Okafor,Yara Calder,2023-06-22 09:12:00,,,,,,,,,,,,,,
700540,100637,Resource Care,100223,Wellness Check-In,Final,Y,Y,Noted a concern to revisit at the next sync.,100395,Aisha Garcia,Y,,5.9,5.6,100588,Y,5.8,How satisfied are you with the service?,Very satisfied overall.,8.6,1.1,Alpha,Y,7.7,4.8,9.2,7.4,4.3,8.9,2.3,,,N,,100634,Omar Costa,2024-12-19 13:36:00,nina.mercer@sampleco.test,,2024-06-13 09:59:00,diego.kim@examplecorp.test,,,,,mei.larsson@demomail.test,Arjun Vance,jordan.kim@examplecorp.test,Elena Sato,Other,100243,N,Standard,rahul.reyes@demomail.test,Riley Dorsey,Y,3919,8106,7803,2061,Y,,,,,Discussed timeline and next steps with the account.,Sofia Calder,elena.ivanov@acme-fake.test,,Scheduled a check-in for the coming month.,priya.mercer@acme-fake.test,diego.mensah@demomail.test,N,Alpha,,,,Other,,Alpha,,2025-08-17 17:05:00,925,3481,Beta,Alpha,Other,Other,494,3850,3362,8964,828,Delta,Elena Ford,Taylor Vance,2023-02-18 22:02:00,,,,,,,,,,,,,Sofia Mensah,
700541,100445,Customer Management,100272,Quarterly Review,Final,N,Y,Noted a concern to revisit at the next sync.,100462,Avery Ashby,N,,9.2,7.4,100146,N,3.1,Any concerns we should address?,Happy with the progress.,7.2,1.4,Beta,Y,6.9,8.3,8.5,2.5,9.1,8.0,3.7,,,Y,,100290,Marco Blake,2022-10-19 20:51:00,yara.cohen@acme-fake.test,,2023-11-04 02:38:00,omar.larsson@sampleco.test,,,Beta,,quinn.okafor@examplecorp.test,Elena Mercer,riley.larsson@demomail.test,Arjun Okafor,Alpha,100631,N,Delta,arjun.dorsey@sampleco.test,Liam Ivanov,Y,8442,5130,4126,9472,Y,,,,,Reviewed performance and gathered feedback.,,rahul.cohen@demomail.test,,Scheduled a check-in for the coming month.,alex.rossi@sampleco.test,marco.sato@examplecorp.test,Y,,,,,,Diego Haddad,,,2026-01-25 15:33:00,6457,3261,Delta,Other,Other,Other,5126,6439,5116,5627,3573,Standard,Riley Nguyen,Chen Whitfield,2025-09-11 04:33:00,,,,,,,,,,,,,,
700542,100456,Customer Management,100148,Wellness Check-In,Final,N,N,Discussed timeline and next steps with the account.,100426,Diego Dorsey,Y,,1.7,4.5,100421,Y,7.1,How satisfied are you with the service?,Very satisfied overall.,7.6,9.4,Gamma,Y,5.3,2.1,8.2,1.3,4.6,3.7,4.7,,,N,,100415,Yara Rossi,2024-09-15 03:45:00,riley.ivanov@acme-fake.test,,2023-01-30 07:11:00,diego.okafor@acme-fake.test,,,,,marco.blake@demomail.test,Avery Nguyen,jamie.sato@examplecorp.test,Casey Rossi,Standard,100723,N,Alpha,riley.okafor@examplecorp.test,Casey Sloan,N,5895,7233,5033,7315,N,,,,,Reviewed performance and gathered feedback.,,mei.costa@acme-fake.test,,Scheduled a check-in for the coming month.,yara.ivanov@examplecorp.test,emerson.larsson@examplecorp.test,N,,,,,,Nina Mercer,,,2023-11-03 04:59:00,9363,9842,Alpha,Delta,Other,Beta,8177,3987,6306,6155,3312,Alpha,Priya Ford,Emerson Ivanov,2026-03-09 14:51:00,,,,Gamma,,,,,,,,,,
700543,100010,Resource Care,100702,Quarterly Review,Draft,N,Y,Resolved the outstanding question about scope.,100803,Fatima Sloan,N,,8.5,5.2,100103,Y,6.7,How likely are you to continue the engagement?,Exceeding expectations.,1.0,6.8,Other,N,2.3,6.9,1.4,5.2,7.1,6.3,9.5,,,N,,100142,Priya Reyes,2022-10-14 23:04:00,marco.silva@sampleco.test,,2024-10-25 15:37:00,nina.dorsey@sampleco.test,,,,,chen.mercer@demomail.test,Casey Reyes,emerson.mercer@acme-fake.test,Diego Brooks,Beta,100672,N,Beta,mei.dorsey@demomail.test,Elena Reyes,N,1570,6308,5545,4276,N,,,,,Shared the updated proposal for review.,,reese.brooks@demomail.test,,Resolved the outstanding question about scope.,omar.garcia@acme-fake.test,emerson.mensah@acme-fake.test,Y,,,,Standard,,,,Alpha,2025-12-28 00:13:00,380,5037,Standard,Delta,Delta,Alpha,828,383,8971,627,4786,Other,Drew Kim,Fatima Kim,2022-10-12 23:11:00,,,,,,,,,,,,,,
700544,100103,Resource Care,100654,Quarterly Review,Final,N,N,Scheduled a check-in for the coming month.,100158,Fatima Patel,Y,,8.5,9.8,100037,N,5.6,How satisfied are you with the service?,Exceeding expectations.,4.7,1.5,Beta,Y,3.2,2.5,7.8,6.4,6.6,7.6,9.1,,,N,,100257,Priya Silva,2023-04-03 01:16:00,avery.blake@sampleco.test,,2025-07-24 16:21:00,morgan.mensah@examplecorp.test,Emerson Whitfield,,,Nina Cohen,priya.ashby@demomail.test,Liam Mensah,casey.calder@demomail.test,Drew Reyes,Standard,100494,Y,Gamma,alex.sloan@acme-fake.test,Nina Sato,N,5784,6083,3336,3615,Y,,,,,Reviewed performance and gathered feedback.,,liam.vance@demomail.test,,Discussed timeline and next steps with the account.,aisha.dorsey@demomail.test,fatima.brooks@acme-fake.test,Y,,,Standard,,,Noah Mensah,Beta,,2026-03-25 20:18:00,730,4897,Alpha,Alpha,Alpha,Other,6013,1192,1074,8955,9768,Beta,Fatima Rossi,Fatima Whitfield,2024-03-02 02:22:00,,,,,,,,,,,,,Marco Silva,
700545,100746,Customer Management,100136,Wellness Check-In,Final,N,Y,Shared the updated proposal for review.,100186,Priya Mercer,Y,,9.0,4.5,100143,Y,3.8,Any concerns we should address?,Happy with the progress.,4.9,9.7,Beta,Y,8.6,3.0,2.0,9.6,7.3,9.5,9.2,,,N,,100417,Noah Mensah,2023-03-27 08:10:00,emerson.patel@sampleco.test,,2024-12-28 21:59:00,elena.dorsey@sampleco.test,,,Standard,Avery Nguyen,rowan.ivanov@acme-fake.test,Chen Kim,chen.larsson@demomail.test,Sofia Ford,Beta,100351,N,Alpha,avery.blake@sampleco.test,Liam Reyes,Y,4188,9861,8921,5224,Y,,,,,Aligned on billing and renewal terms.,,morgan.rossi@demomail.test,,Scheduled a check-in for the coming month.,casey.calder@demomail.test,avery.ashby@sampleco.test,N,,Aligned on billing and renewal terms.,,,,,Alpha,,2022-12-07 13:29:00,4254,1698,Standard,Alpha,Delta,Other,8379,7281,1053,9024,7401,Other,Morgan Ashby,Skyler Costa,2023-10-07 08:16:00,,,,,,,,3177,,,,,,
700546,100056,Resource Care,100449,Quarterly Review,Final,N,Y,Shared the updated proposal for review.,100234,Riley Blake,N,,9.6,7.9,100558,N,1.1,Are deliverables meeting expectations?,"Neutral, watching closely.",9.4,2.2,Standard,Y,1.5,3.7,9.5,2.9,8.1,2.9,7.0,,,N,,100712,Yara Silva,2022-10-26 00:01:00,rowan.ford@examplecorp.test,,2026-03-23 18:57:00,reese.reyes@sampleco.test,,,Beta,,quinn.patel@examplecorp.test,Nina Costa,yara.dorsey@sampleco.test,Quinn Garcia,Standard,100034,Y,Other,rowan.garcia@demomail.test,Chen Whitfield,Y,244,5287,4380,4287,N,,,,,Reviewed performance and gathered feedback.,,quinn.calder@examplecorp.test,,Followed up on the open items from last week.,quinn.vance@sampleco.test,alex.rossi@demomail.test,N,Alpha,,,,,,Alpha,,2023-06-19 13:16:00,8874,7458,Standard,Other,Other,Beta,3821,6102,368,7755,3524,Alpha,Fatima Ashby,Drew Rossi,2026-02-24 08:07:00,,,,,,,,,,,,,,
700547,100040,Resource Care,100681,Quarterly Review,Final,Y,Y,Discussed timeline and next steps with the account.,100388,Quinn Dorsey,Y,,8.3,5.9,100117,Y,4.3,How satisfied are you with the service?,Exceeding expectations.,1.1,3.2,Standard,N,4.7,9.5,8.6,7.4,8.0,5.9,8.2,,,Y,,100053,Jamie Sloan,2025-04-23 04:04:00,chen.sato@sampleco.test,,2025-04-02 16:35:00,taylor.rossi@examplecorp.test,,,,Aisha Ivanov,noah.nguyen@acme-fake.test,Rowan Ford,yara.ashby@demomail.test,Rowan Garcia,Delta,100720,N,Delta,avery.reyes@sampleco.test,Jamie Ivanov,N,4710,380,6609,6673,Y,,,,,Reviewed performance and gathered feedback.,,nina.rossi@demomail.test,,Discussed timeline and next steps with the account.,chen.costa@examplecorp.test,noah.nguyen@acme-fake.test,N,Other,,,,,,,,2026-04-08 10:40:00,3839,5910,Alpha,Gamma,Delta,Gamma,5341,8692,241,3038,506,Other,Riley Calder,Diego Vance,2026-06-11 13:53:00,,,,,,,,,,,,,,
700548,100744,Resource Care,100343,Customer Success Check-In,Final,Y,N,Resolved the outstanding question about scope.,100568,Arjun Blake,Y,,1.8,9.2,100143,N,9.0,How likely are you to continue the engagement?,"Neutral, watching closely.",8.6,1.8,Other,Y,2.4,2.1,6.2,8.8,2.5,2.2,4.2,,,Y,,100188,Casey Nguyen,2022-10-25 19:36:00,liam.sloan@examplecorp.test,,2026-02-11 15:06:00,mei.haddad@acme-fake.test,Emerson Dorsey,,,,rahul.reyes@demomail.test,Fatima Nguyen,mei.mensah@acme-fake.test,Mei Blake,Alpha,100285,Y,Alpha,drew.ivanov@examplecorp.test,Elena Ford,N,9887,3269,2385,1068,N,,,,,Followed up on the open items from last week.,,noah.garcia@examplecorp.test,,Noted a concern to revisit at the next sync.,aisha.sloan@demomail.test,skyler.larsson@sampleco.test,Y,,,,Alpha,,Quinn Sato,,Standard,2024-07-17 03:08:00,1825,8252,Delta,Standard,Other,Delta,3780,3535,7803,5611,2463,Standard,Nina Dorsey,Alex Sloan,2023-06-13 12:07:00,,,,,,,,,,,,,,
700549,100685,Resource Care,100620,Wellness Check-In,Draft,N,N,Scheduled a check-in for the coming month.,100319,Nina Ford,Y,,1.8,3.8,100712,N,1.4,How is communication with your team?,Very satisfied overall.,4.8,9.1,Other,N,5.4,3.0,7.5,3.4,9.3,5.5,1.3,,,Y,,100597,Diego Blake,2024-02-01 23:03:00,riley.haddad@examplecorp.test,,2025-01-04 16:51:00,emerson.sato@examplecorp.test,,,Alpha,Jamie Blake,liam.haddad@examplecorp.test,Priya Nguyen,noah.patel@sampleco.test,Rowan Haddad,Beta,100290,N,Alpha,aisha.nguyen@demomail.test,Rowan Silva,Y,1230,6289,1535,8501,Y,,,,,Shared the updated proposal for review.,,emerson.patel@examplecorp.test,,Noted a concern to revisit at the next sync.,liam.ford@acme-fake.test,emerson.sloan@examplecorp.test,N,Alpha,,Other,Gamma,,,Delta,Alpha,2024-05-18 05:55:00,5405,4021,Delta,Alpha,Alpha,Other,9491,4443,8626,8997,554,Alpha,Casey Blake,Morgan Sloan,2023-04-06 13:28:00,,,,,,,,,,,,,,
700550,100376,Customer Management,100265,Customer Success Check-In,Final,Y,N,Noted a concern to revisit at the next sync.,100741,Reese Haddad,Y,,6.0,9.8,100506,Y,1.8,Are deliverables meeting expectations?,Very satisfied overall.,1.8,7.5,Beta,Y,5.6,2.7,7.9,3.9,8.9,3.6,8.3,,,Y,,100492,Sofia Ford,2024-01-23 08:20:00,riley.kim@examplecorp.test,,2026-01-19 18:50:00,liam.mensah@acme-fake.test,,,Beta,Nina Mensah,arjun.mensah@sampleco.test,Priya Ford,nina.dorsey@demomail.test,Taylor Brooks,Beta,100535,Y,Beta,quinn.sato@examplecorp.test,Skyler Brooks,N,6302,6619,6822,2785,N,,,,,Aligned on billing and renewal terms.,,rahul.brooks@sampleco.test,,Noted a concern to revisit at the next sync.,casey.patel@sampleco.test,jamie.kim@acme-fake.test,Y,,,,Gamma,,,,,2025-07-13 17:40:00,597,9219,Gamma,Other,Standard,Delta,7466,8322,9961,3440,4955,Gamma,Aisha Mensah,Elena Whitfield,2026-02-07 03:13:00,,,,,Gamma,,,,,,,,,
700551,100763,Customer Management,100455,Quarterly Review,Final,Y,N,Discussed timeline and next steps with the account.,100587,Marco Dorsey,N,,9.3,4.4,100305,N,2.6,Any concerns we should address?,"Going well, minor tweaks needed.",6.8,6.8,Gamma,N,3.9,6.6,7.5,3.4,6.7,3.6,9.4,,,N,,100517,Mei Ashby,2023-03-16 05:37:00,reese.ford@acme-fake.test,,2026-02-11 21:40:00,jamie.larsson@acme-fake.test,,,Delta,,rowan.kim@examplecorp.test,Priya Rossi,casey.silva@demomail.test,Arjun Costa,Other,100290,N,Other,mei.sloan@sampleco.test,Marco Cohen,Y,6963,6234,8573,2809,Y,,,,,Shared the updated proposal for review.,,omar.whitfield@sampleco.test,,Aligned on billing and renewal terms.,elena.whitfield@demomail.test,riley.garcia@sampleco.test,Y,,,Other,,,,Gamma,,2026-03-15 16:55:00,8433,729,Delta,Gamma,Standard,Standard,2112,6304,8046,389,7409,Other,Mei Reyes,Arjun Okafor,2025-07-03 15:24:00,,,,,,,,,,,,,,
700552,100269,Customer Management,100603,Quarterly Review,Draft,N,N,Aligned on billing and renewal terms.,100122,Taylor Mensah,N,,8.5,1.4,100587,N,4.4,How is communication with your team?,"Going well, minor tweaks needed.",5.4,2.9,Beta,Y,7.3,3.2,6.7,6.6,2.5,9.8,7.3,,,N,,100627,Quinn Sloan,2026-02-26 21:17:00,aisha.patel@examplecorp.test,,2025-05-12 19:43:00,reese.costa@sampleco.test,,,Other,,jamie.vance@examplecorp.test,Emerson Blake,aisha.sato@examplecorp.test,Fatima Calder,Alpha,100115,Y,Other,riley.mercer@acme-fake.test,Priya Nguyen,N,5808,872,1847,6605,N,,,,,Scheduled a check-in for the coming month.,,reese.sato@sampleco.test,,Aligned on billing and renewal terms.,riley.okafor@acme-fake.test,skyler.patel@acme-fake.test,Y,,,,,,,,,2024-07-21 06:40:00,2568,948,Delta,Beta,Beta,Beta,3250,8950,7230,3170,5438,Gamma,Diego Dorsey,Aisha Sloan,2025-01-14 03:20:00,,,,,,,,,,,,,,
700553,100449,Resource Care,100224,Quarterly Review,Final,Y,N,Resolved the outstanding question about scope.,100535,Rahul Cohen,Y,,1.7,3.4,100548,N,2.1,How likely are you to continue the engagement?,"Going well, minor tweaks needed.",4.4,9.7,Standard,N,3.9,5.6,9.6,8.8,5.8,8.4,5.5,,,Y,,100376,Omar Dorsey,2025-06-24 16:51:00,priya.sato@demomail.test,,2025-05-05 22:09:00,emerson.nguyen@examplecorp.test,,,,,jordan.rossi@acme-fake.test,Arjun Nguyen,fatima.mensah@acme-fake.test,Arjun Ivanov,Beta,100242,N,Other,jamie.reyes@sampleco.test,Fatima Sato,Y,3731,4299,480,9791,N,,,,,Shared the updated proposal for review.,,marco.haddad@demomail.test,,Resolved the outstanding question about scope.,sofia.haddad@sampleco.test,emerson.ivanov@demomail.test,Y,Alpha,,,,,,Alpha,Delta,2025-02-12 17:34:00,1945,7733,Alpha,Beta,Beta,Delta,7130,1417,3633,3414,4082,Beta,Skyler Larsson,Skyler Silva,2025-05-29 09:57:00,,,,,,,,,,,,,,
700554,100265,Customer Management,100079,Customer Success Check-In,Final,Y,Y,Scheduled a check-in for the coming month.,100269,Reese Mercer,N,,4.4,7.5,100161,Y,3.6,Any concerns we should address?,Happy with the progress.,2.0,6.8,Alpha,N,4.0,3.1,9.9,5.7,6.0,8.6,4.8,,,Y,,100717,Casey Ivanov,2024-07-15 10:54:00,rahul.mensah@sampleco.test,,2025-06-23 17:46:00,noah.nguyen@sampleco.test,,,,,jordan.ford@acme-fake.test,Casey Sato,morgan.haddad@demomail.test,Taylor Costa,Gamma,100432,N,Gamma,sofia.vance@examplecorp.test,Marco Kim,N,1360,3274,7901,6785,N,,,,,Aligned on billing and renewal terms.,,quinn.ford@demomail.test,,Followed up on the open items from last week.,fatima.haddad@demomail.test,quinn.patel@examplecorp.test,Y,,,,Standard,,Aisha Silva,,,2025-05-01 08:04:00,6382,8699,Beta,Beta,Gamma,Delta,5700,301,6374,719,4171,Standard,Drew Okafor,Mei Mensah,2023-08-30 02:54:00,,,,,,,,,,,,,,
700555,100789,Customer Management,100126,Wellness Check-In,Final,Y,Y,Resolved the outstanding question about scope.,100094,Fatima Patel,N,,6.5,5.6,100030,Y,2.8,How satisfied are you with the service?,Very satisfied overall.,1.1,3.0,Standard,N,6.1,7.8,1.1,8.4,2.9,4.2,8.4,,,N,,100336,Fatima Okafor,2024-07-21 02:59:00,emerson.mensah@sampleco.test,,2025-09-13 07:40:00,mei.okafor@demomail.test,,,,Quinn Calder,quinn.rossi@examplecorp.test,Diego Ashby,aisha.nguyen@acme-fake.test,Alex Ivanov,Other,100634,Y,Other,jordan.garcia@sampleco.test,Reese Silva,Y,344,9913,2346,4369,Y,,,,,Shared the updated proposal for review.,,elena.calder@sampleco.test,,Reviewed performance and gathered feedback.,mei.costa@sampleco.test,elena.vance@examplecorp.test,Y,,,,,,,,,2025-03-27 12:06:00,2875,6837,Other,Other,Standard,Delta,6539,7646,8577,4468,9620,Alpha,Sofia Okafor,Emerson Blake,2025-05-14 02:49:00,,,,,,,,,,,,,,Emerson Vance
700556,100613,Resource Care,100206,Customer Success Check-In,Final,N,N,Discussed timeline and next steps with the account.,100080,Taylor Ivanov,N,,2.6,6.9,100168,Y,5.9,How is communication with your team?,Very satisfied overall.,6.9,9.2,Delta,Y,8.3,4.7,2.8,3.5,5.1,6.3,7.4,,,N,,100310,Jordan Ivanov,2023-05-12 22:47:00,fatima.cohen@acme-fake.test,,2025-08-02 10:05:00,quinn.garcia@examplecorp.test,,,,Reese Reyes,noah.sato@examplecorp.test,Riley Haddad,aisha.mercer@acme-fake.test,Rowan Brooks,Delta,100770,Y,Standard,skyler.calder@acme-fake.test,Omar Cohen,N,5338,1638,1995,5584,N,,,,,Resolved the outstanding question about scope.,,morgan.ford@demomail.test,,Aligned on billing and renewal terms.,arjun.sato@sampleco.test,liam.costa@demomail.test,N,,Shared the updated proposal for review.,,,,Arjun Haddad,,,2025-09-09 03:47:00,2256,9774,Gamma,Alpha,Other,Beta,9012,2538,8398,2094,8202,Alpha,Morgan Reyes,Riley Haddad,2022-11-23 10:39:00,9303,,,,,,,,,,,,,
700557,100316,Customer Management,100329,Wellness Check-In,Draft,N,Y,Scheduled a check-in for the coming month.,100607,Alex Okafor,Y,,5.7,8.3,100672,Y,7.5,How likely are you to continue the engagement?,Some concerns about turnaround time.,6.8,2.2,Beta,N,1.2,8.5,8.6,3.1,2.9,8.5,7.9,,,N,,100468,Noah Dorsey,2024-02-16 20:09:00,omar.patel@examplecorp.test,,2024-05-03 14:47:00,casey.vance@examplecorp.test,,,,,emerson.ashby@acme-fake.test,Skyler Ashby,emerson.dorsey@examplecorp.test,Drew Garcia,Other,100530,Y,Other,noah.garcia@acme-fake.test,Quinn Okafor,N,3329,5295,1041,6633,N,,,,,Scheduled a check-in for the coming month.,,arjun.nguyen@examplecorp.test,,Shared the updated proposal for review.,aisha.larsson@examplecorp.test,mei.whitfield@demomail.test,N,Gamma,,,Gamma,,,,,2024-05-28 06:40:00,7568,4420,Gamma,Standard,Delta,Other,6626,5123,2329,4874,883,Gamma,Alex Dorsey,Marco Ashby,2025-01-30 08:48:00,,,,,,,,,9947,,,,,
700558,100110,Resource Care,100319,Customer Success Check-In,Final,Y,N,Resolved the outstanding question about scope.,100558,Jamie Mensah,Y,,5.4,4.7,100673,N,2.8,Any concerns we should address?,Very satisfied overall.,5.9,4.1,Gamma,N,3.4,1.7,3.3,1.6,4.1,2.8,1.9,,,N,,100774,Taylor Calder,2023-11-11 08:34:00,emerson.patel@acme-fake.test,,2024-08-30 10:55:00,casey.larsson@acme-fake.test,Elena Brooks,,Other,Mei Silva,priya.ford@sampleco.test,Marco Dorsey,emerson.kim@demomail.test,Reese Silva,Other,100288,N,Beta,arjun.ivanov@acme-fake.test,Fatima Larsson,N,1754,561,1974,5556,Y,,,,,Resolved the outstanding question about scope.,,yara.ford@sampleco.test,,Scheduled a check-in for the coming month.,nina.larsson@examplecorp.test,drew.okafor@examplecorp.test,Y,Delta,,,,,Rowan Ford,,,2025-01-03 07:52:00,4584,667,Beta,Standard,Beta,Delta,1963,6629,1523,9757,4644,Delta,Casey Mensah,Elena Reyes,2024-06-01 00:11:00,,,,,,,,,,,,,,
700559,100429,Customer Management,100552,Wellness Check-In,Draft,Y,N,Aligned on billing and renewal terms.,100241,Emerson Costa,Y,,9.7,7.0,100523,N,4.5,How is communication with your team?,Exceeding expectations.,6.7,3.2,Standard,Y,6.1,6.4,7.1,2.0,7.7,6.7,2.8,,,N,,100302,Avery Blake,2023-04-02 19:16:00,noah.ivanov@acme-fake.test,,2026-03-05 23:32:00,sofia.reyes@examplecorp.test,,,,Fatima Mercer,rowan.nguyen@examplecorp.test,Chen Sloan,quinn.nguyen@sampleco.test,Rahul Reyes,Gamma,100267,N,Gamma,jamie.haddad@sampleco.test,Taylor Dorsey,N,5206,5692,8575,554,Y,,,,,Noted a concern to revisit at the next sync.,,taylor.okafor@demomail.test,,Followed up on the open items from last week.,drew.dorsey@demomail.test,jordan.ivanov@acme-fake.test,Y,Beta,,,,,,,Alpha,2026-01-13 11:50:00,1781,8543,Delta,Beta,Gamma,Standard,6321,82,9327,2997,4045,Beta,Quinn Patel,Reese Silva,2023-07-21 14:14:00,,,,,Gamma,,,,,,,,,
700560,100688,Resource Care,100328,Quarterly Review,Final,Y,Y,Aligned on billing and renewal terms.,100685,Morgan Vance,N,,4.4,4.0,100060,N,4.3,How is communication with your team?,"Neutral, watching closely.",1.1,8.7,Gamma,N,9.6,7.5,1.4,4.8,8.4,7.6,9.9,,,N,,100420,Omar Patel,2023-05-18 03:23:00,arjun.brooks@acme-fake.test,,2022-10-06 15:50:00,yara.brooks@examplecorp.test,,,,Rahul Costa,fatima.ashby@demomail.test,Liam Reyes,emerson.blake@demomail.test,Omar Mensah,Delta,100506,Y,Alpha,drew.mercer@acme-fake.test,Jamie Kim,Y,946,1127,4609,9797,N,Standard,,,,Reviewed performance and gathered feedback.,,nina.rossi@acme-fake.test,,Followed up on the open items from last week.,quinn.reyes@acme-fake.test,quinn.haddad@sampleco.test,N,,Scheduled a check-in for the coming month.,,,,,,,2024-03-04 17:21:00,5593,2053,Gamma,Gamma,Beta,Delta,5419,1027,9057,4134,5422,Alpha,Skyler Rossi,Fatima Larsson,2025-07-23 15:55:00,,,,,,,,,,,,Other,,
700561,100171,Resource Care,100624,Customer Success Check-In,Final,N,N,Reviewed performance and gathered feedback.,100034,Jordan Cohen,N,,8.1,9.0,100079,Y,8.0,How satisfied are you with the service?,"Neutral, watching closely.",4.2,4.0,Beta,N,1.1,5.0,3.5,7.9,2.5,8.3,7.0,,,Y,,100457,Jordan Mensah,2025-05-02 04:41:00,reese.larsson@demomail.test,,2024-01-26 12:20:00,drew.larsson@examplecorp.test,,,,,chen.costa@acme-fake.test,Taylor Ivanov,mei.okafor@examplecorp.test,Drew Kim,Other,100400,N,Delta,aisha.cohen@demomail.test,Fatima Rossi,Y,5896,6127,791,3932,N,,,,,Noted a concern to revisit at the next sync.,,arjun.garcia@examplecorp.test,,Noted a concern to revisit at the next sync.,mei.whitfield@examplecorp.test,rahul.ford@acme-fake.test,Y,,,,,,,,,2025-11-14 12:48:00,2764,2706,Beta,Alpha,Delta,Alpha,564,354,5258,417,387,Beta,Aisha Costa,Quinn Nguyen,2024-11-16 23:55:00,,,,,,,7990,,,,,,,
700562,100459,Customer Management,100587,Customer Success Check-In,Final,N,N,Noted a concern to revisit at the next sync.,100492,Morgan Silva,N,,2.3,7.9,100726,Y,1.2,How is communication with your team?,Exceeding expectations.,8.7,6.3,Standard,N,8.9,4.1,5.2,7.6,5.1,8.0,6.3,,,N,,100200,Noah Nguyen,2026-01-20 03:10:00,yara.mensah@examplecorp.test,,2024-12-16 10:59:00,alex.blake@sampleco.test,,,,,aisha.cohen@demomail.test,Arjun Silva,omar.ashby@sampleco.test,Casey Ivanov,Delta,100634,Y,Gamma,rahul.vance@examplecorp.test,Elena Kim,Y,3925,2968,8779,1408,N,,,,,Followed up on the open items from last week.,,diego.okafor@acme-fake.test,,Noted a concern to revisit at the next sync.,casey.ashby@demomail.test,diego.costa@demomail.test,Y,,,,,,,Standard,,2026-02-22 15:55:00,5557,5283,Alpha,Delta,Alpha,Delta,4048,718,4099,6163,8644,Standard,Mei Nguyen,Riley Kim,2026-03-23 07:36:00,,,,,,,,,3302,,,,,
700563,100421,Resource Care,100182,Quarterly Review,Final,Y,Y,Noted a concern to revisit at the next sync.,100723,Riley Brooks,N,,5.0,2.2,100788,Y,9.2,How is communication with your team?,"Going well, minor tweaks needed.",4.2,9.7,Delta,N,3.1,3.3,6.0,2.9,3.8,5.0,9.9,,,Y,,100073,Mei Rossi,2026-02-28 14:51:00,yara.costa@demomail.test,,2025-09-11 17:45:00,quinn.ford@acme-fake.test,Fatima Haddad,,,,drew.larsson@acme-fake.test,Casey Ivanov,chen.brooks@demomail.test,Reese Dorsey,Beta,100293,N,Gamma,riley.nguyen@demomail.test,Omar Patel,N,6967,7665,9959,2138,N,,,,,Shared the updated proposal for review.,,marco.larsson@acme-fake.test,,Scheduled a check-in for the coming month.,yara.ashby@examplecorp.test,noah.calder@acme-fake.test,N,Gamma,,Other,,,,,,2025-10-21 21:00:00,322,3747,Other,Gamma,Beta,Gamma,1373,3463,3901,3470,6114,Alpha,Emerson Vance,Skyler Ashby,2023-01-18 12:55:00,,,,,,,,,,,,,,
700564,100731,Customer Management,100377,Wellness Check-In,Final,Y,Y,Scheduled a check-in for the coming month.,100177,Rowan Mensah,Y,,7.0,6.9,100593,N,7.6,How satisfied are you with the service?,Very satisfied overall.,4.0,9.5,Standard,N,8.5,4.9,8.2,7.4,5.7,1.1,6.4,,,Y,,100060,Marco Mensah,2023-07-30 01:10:00,nina.mercer@sampleco.test,,2022-12-22 17:50:00,sofia.mensah@acme-fake.test,,,,,priya.reyes@sampleco.test,Fatima Patel,rahul.ivanov@sampleco.test,Noah Ivanov,Standard,100080,Y,Other,fatima.mensah@sampleco.test,Alex Blake,Y,6183,9377,9637,3224,Y,,,,,Discussed timeline and next steps with the account.,,avery.haddad@examplecorp.test,,Reviewed performance and gathered feedback.,jamie.rossi@sampleco.test,drew.ivanov@acme-fake.test,N,,,,Other,,,,,2023-07-04 18:46:00,6098,1617,Standard,Delta,Other,Other,8032,8562,6848,4647,1198,Beta,Riley Brooks,Rowan Mensah,2025-01-08 06:01:00,,,,,,,,,,,,,,
700565,100208,Customer Management,100008,Customer Success Check-In,Final,N,N,Reviewed performance and gathered feedback.,100767,Drew Mensah,N,,1.9,1.7,100685,Y,4.2,How satisfied are you with the service?,Exceeding expectations.,5.4,3.3,Beta,Y,9.6,1.7,1.5,6.4,7.4,8.6,6.2,,,N,,100232,Emerson Calder,2024-09-29 15:29:00,rahul.larsson@demomail.test,,2026-01-01 16:44:00,liam.patel@sampleco.test,Mei Reyes,,,,jordan.haddad@demomail.test,Priya Blake,reese.patel@sampleco.test,Reese Brooks,Delta,100232,N,Beta,nina.mensah@examplecorp.test,Arjun Okafor,Y,6024,2784,9537,5148,N,,,,,Followed up on the open items from last week.,,emerson.ashby@acme-fake.test,,Discussed timeline and next steps with the account.,avery.rossi@demomail.test,riley.garcia@examplecorp.test,N,Beta,,Standard,,,,Other,,2023-06-10 23:48:00,1856,306,Delta,Other,Standard,Gamma,2159,3201,4879,9012,957,Gamma,Quinn Silva,Elena Mensah,2024-04-06 01:30:00,,,,,,,,,,,,,,
700566,100558,Customer Management,100026,Wellness Check-In,Final,N,N,Resolved the outstanding question about scope.,100464,Arjun Patel,N,,3.2,7.0,100009,Y,9.6,How satisfied are you with the service?,Happy with the progress.,3.8,1.7,Alpha,N,7.7,6.4,5.7,9.0,6.0,4.6,2.1,,,N,,100245,Aisha Brooks,2026-04-06 03:42:00,arjun.sato@sampleco.test,,2024-07-05 05:10:00,omar.blake@sampleco.test,,,,,fatima.nguyen@examplecorp.test,Rahul Larsson,taylor.ford@demomail.test,Jamie Patel,Other,100509,Y,Other,mei.dorsey@demomail.test,Aisha Mercer,N,2460,7878,746,4798,N,,,,,Resolved the outstanding question about scope.,,rahul.okafor@sampleco.test,,Discussed timeline and next steps with the account.,marco.vance@sampleco.test,chen.patel@acme-fake.test,Y,Delta,Followed up on the open items from last week.,,,,Morgan Vance,,Alpha,2023-07-16 15:27:00,8582,7504,Alpha,Gamma,Delta,Standard,6993,3675,1953,8165,3541,Delta,Morgan Haddad,Avery Whitfield,2024-09-14 15:25:00,,,,,,,,,,,,,,
700567,100542,Customer Management,100670,Customer Success Check-In,Final,N,Y,Scheduled a check-in for the coming month.,100360,Arjun Mensah,Y,,5.0,1.2,100447,N,9.3,Are deliverables meeting expectations?,Very satisfied overall.,2.7,1.3,Alpha,Y,9.4,8.1,6.5,1.9,6.5,8.6,9.5,,,N,,100652,Reese Haddad,2024-12-22 15:18:00,chen.sloan@demomail.test,,2026-02-07 18:09:00,noah.cohen@acme-fake.test,,,,,emerson.sloan@examplecorp.test,Rowan Cohen,aisha.mercer@acme-fake.test,Casey Patel,Delta,100173,N,Standard,jordan.costa@demomail.test,Chen Blake,N,1949,1435,9282,9693,N,,,,,Scheduled a check-in for the coming month.,,liam.ford@examplecorp.test,,Followed up on the open items from last week.,omar.larsson@acme-fake.test,taylor.larsson@sampleco.test,N,,,,,,,,Delta,2026-06-22 20:35:00,1554,8974,Alpha,Beta,Alpha,Other,355,8261,3445,7521,3466,Beta,Noah Patel,Arjun Patel,2023-07-17 12:03:00,,,,,,,,,,,,,,
700568,100753,Resource Care,100285,Quarterly Review,Draft,Y,N,Resolved the outstanding question about scope.,100774,Jamie Patel,Y,,6.2,7.5,100251,N,6.0,Are deliverables meeting expectations?,Very satisfied overall.,9.8,5.8,Delta,Y,5.3,3.7,4.1,2.1,1.7,9.1,10.0,,,Y,,100151,Elena Mensah,2023-12-06 04:32:00,taylor.dorsey@examplecorp.test,,2025-05-08 02:27:00,yara.mensah@examplecorp.test,Riley Blake,,Standard,,diego.sloan@sampleco.test,Arjun Cohen,sofia.ford@examplecorp.test,Chen Mercer,Standard,100041,N,Delta,priya.whitfield@acme-fake.test,Yara Sloan,N,845,8815,4970,1444,N,,,,,Resolved the outstanding question about scope.,,arjun.ashby@demomail.test,,Discussed timeline and next steps with the account.,diego.sloan@sampleco.test,avery.sato@acme-fake.test,Y,Gamma,,,,,,,,2024-12-03 11:54:00,2954,1521,Delta,Other,Gamma,Beta,3747,2966,2593,9896,9202,Beta,Alex Vance,Noah Calder,2023-04-03 13:56:00,,,,,,,,,4543,,,,,
700569,100143,Customer Management,100800,Customer Success Check-In,Draft,Y,N,Resolved the outstanding question about scope.,100432,Emerson Mercer,N,,8.3,4.7,100148,Y,6.6,How likely are you to continue the engagement?,"Neutral, watching closely.",1.8,1.3,Alpha,Y,6.5,1.9,1.4,7.6,4.3,1.6,3.0,,,N,,100101,Aisha Calder,2023-05-20 05:56:00,emerson.silva@sampleco.test,,2025-10-06 21:33:00,rowan.brooks@examplecorp.test,Aisha Reyes,,Beta,Rowan Costa,mei.mercer@acme-fake.test,Casey Patel,alex.calder@acme-fake.test,Riley Garcia,Delta,100672,Y,Gamma,chen.dorsey@examplecorp.test,Omar Haddad,N,4794,6005,1706,3357,N,,,,,Followed up on the open items from last week.,,chen.rossi@demomail.test,,Noted a concern to revisit at the next sync.,emerson.ford@sampleco.test,morgan.calder@acme-fake.test,N,,,Delta,,,,Beta,,2025-11-28 18:59:00,862,4970,Gamma,Other,Beta,Beta,6450,1639,6974,7099,3893,Standard,Rowan Okafor,Sofia Mercer,2026-01-01 03:55:00,,,,,,,,,1068,2563,7621,,,
700570,100248,Resource Care,100070,Quarterly Review,Final,N,Y,Noted a concern to revisit at the next sync.,100699,Casey Haddad,Y,,9.7,5.6,100405,Y,7.9,Are deliverables meeting expectations?,Very satisfied overall.,8.4,3.9,Other,Y,9.7,7.5,7.0,7.3,7.9,2.8,1.7,,,N,,100604,Liam Dorsey,2024-10-31 10:31:00,riley.calder@demomail.test,,2024-05-10 01:55:00,jordan.okafor@acme-fake.test,Drew Garcia,,Standard,Emerson Vance,arjun.sato@sampleco.test,Nina Mensah,elena.okafor@demomail.test,Rahul Ivanov,Alpha,100559,N,Gamma,avery.silva@demomail.test,Chen Nguyen,N,4820,1237,5309,7915,N,,,,,Noted a concern to revisit at the next sync.,Omar Ford,omar.sloan@acme-fake.test,,Aligned on billing and renewal terms.,mei.reyes@examplecorp.test,skyler.silva@sampleco.test,Y,,Shared the updated proposal for review.,,,,Taylor Ashby,,Standard,2024-06-17 13:00:00,6549,8339,Gamma,Other,Other,Standard,4491,1119,1072,7730,5828,Beta,Yara Mercer,Avery Garcia,2023-10-16 02:38:00,,,,,,,,,,,,,,
700571,100622,Customer Management,100208,Customer Success Check-In,Final,N,Y,Resolved the outstanding question about scope.,100683,Mei Calder,Y,,9.4,1.6,100314,Y,3.4,Any concerns we should address?,Happy with the progress.,7.6,7.7,Other,N,10.0,4.7,2.3,7.7,7.6,1.3,2.7,,,Y,,100363,Avery Sato,2025-11-27 07:39:00,mei.brooks@examplecorp.test,Arjun Ford,2023-07-03 20:22:00,aisha.dorsey@sampleco.test,,,,,nina.brooks@examplecorp.test,Yara Brooks,sofia.nguyen@demomail.test,Noah Ashby,Gamma,100770,Y,Gamma,jordan.calder@acme-fake.test,Emerson Silva,N,4769,7566,5054,6844,N,,,,,Shared the updated proposal for review.,,rowan.sato@acme-fake.test,,Discussed timeline and next steps with the account.,priya.sloan@sampleco.test,elena.sato@acme-fake.test,Y,,Followed up on the open items from last week.,Gamma,Delta,Beta,Marco Haddad,,,2026-02-14 21:05:00,3947,4933,Alpha,Other,Alpha,Other,4896,8564,3621,186,3982,Delta,Avery Ashby,Aisha Mercer,2023-03-10 02:38:00,,,,,,,,,,,,,,
700572,100158,Resource Care,100285,Customer Success Check-In,Final,N,Y,Scheduled a check-in for the coming month.,100509,Alex Mercer,Y,,9.5,8.5,100197,N,4.3,Are deliverables meeting expectations?,"Neutral, watching closely.",1.6,5.0,Alpha,Y,7.8,1.4,6.4,9.4,6.3,3.6,9.8,,,Y,,100796,Aisha Larsson,2026-02-06 13:54:00,mei.nguyen@sampleco.test,,2025-12-02 22:00:00,omar.cohen@sampleco.test,,,,Alex Costa,emerson.mercer@sampleco.test,Omar Okafor,marco.brooks@demomail.test,Yara Kim,Gamma,100359,Y,Other,fatima.patel@sampleco.test,Drew Dorsey,Y,1198,9060,727,9542,N,,,,,Resolved the outstanding question about scope.,,jordan.okafor@sampleco.test,,Noted a concern to revisit at the next sync.,yara.brooks@examplecorp.test,diego.ford@sampleco.test,Y,Gamma,,,Beta,,,,,2026-05-28 19:31:00,989,4754,Delta,Standard,Gamma,Alpha,8573,4369,826,4917,7900,Alpha,Liam Ford,Marco Whitfield,2025-01-28 09:15:00,,,,,,,9399,,,,,,,
700573,100037,Resource Care,100686,Wellness Check-In,Draft,N,Y,Aligned on billing and renewal terms.,100141,Quinn Reyes,Y,,4.5,9.0,100282,N,1.9,Are deliverables meeting expectations?,Some concerns about turnaround time.,7.2,8.5,Gamma,Y,2.8,5.7,8.2,4.4,1.9,4.1,2.5,,,Y,,100654,Quinn Dorsey,2022-10-15 13:33:00,sofia.mercer@demomail.test,,2026-01-15 01:23:00,diego.blake@sampleco.test,,,,,noah.sloan@demomail.test,Priya Dorsey,jordan.ashby@sampleco.test,Alex Costa,Beta,100295,N,Standard,skyler.blake@sampleco.test,Reese Sato,Y,378,9627,3931,9284,N,,,,,Scheduled a check-in for the coming month.,,mei.mercer@acme-fake.test,,Scheduled a check-in for the coming month.,skyler.ford@examplecorp.test,fatima.dorsey@acme-fake.test,N,,,,Delta,,,Standard,,2026-03-13 15:48:00,9733,7535,Alpha,Standard,Gamma,Gamma,3373,6901,6254,1854,8836,Standard,Diego Brooks,Alex Costa,2022-11-17 23:55:00,,761,,,,,,,,,,,,
700574,100029,Customer Management,100485,Quarterly Review,Final,N,Y,Reviewed performance and gathered feedback.,100482,Aisha Garcia,Y,,6.5,3.4,100282,N,9.2,How is communication with your team?,"Going well, minor tweaks needed.",5.0,4.2,Gamma,N,4.2,5.9,4.8,3.1,3.1,7.0,8.8,,,N,,100576,Arjun Cohen,2026-03-13 10:47:00,rahul.haddad@demomail.test,,2023-12-07 04:50:00,emerson.rossi@demomail.test,,,,Taylor Larsson,liam.dorsey@acme-fake.test,Casey Mensah,fatima.patel@demomail.test,Casey Vance,Delta,100164,N,Gamma,marco.haddad@acme-fake.test,Noah Sloan,N,1119,6277,8489,3683,N,,,,,Noted a concern to revisit at the next sync.,,reese.ivanov@acme-fake.test,,Aligned on billing and renewal terms.,arjun.cohen@demomail.test,jamie.ashby@examplecorp.test,Y,Beta,,Other,,,,Gamma,,2025-06-23 19:09:00,9232,5106,Delta,Delta,Alpha,Other,8815,8925,5960,7427,1210,Beta,Alex Larsson,Morgan Kim,2024-04-27 05:14:00,,2209,,,,,,,,,,,,
700575,100141,Resource Care,100722,Wellness Check-In,Final,Y,Y,Followed up on the open items from last week.,100690,Casey Blake,N,,7.6,2.2,100652,Y,3.4,Are deliverables meeting expectations?,Some concerns about turnaround time.,8.7,10.0,Gamma,N,6.6,5.8,4.7,8.5,1.9,9.9,2.4,,,Y,,100758,Taylor Nguyen,2023-08-20 23:57:00,yara.silva@acme-fake.test,,2022-11-19 23:24:00,fatima.calder@demomail.test,,,,Liam Patel,chen.cohen@sampleco.test,Marco Mercer,marco.reyes@sampleco.test,Sofia Cohen,Beta,100386,N,Alpha,diego.whitfield@examplecorp.test,Fatima Kim,Y,6974,2903,9567,3426,N,,,,,Resolved the outstanding question about scope.,,alex.costa@examplecorp.test,,Resolved the outstanding question about scope.,morgan.patel@demomail.test,avery.ivanov@acme-fake.test,Y,,,,,Alpha,,Delta,Other,2023-05-17 11:23:00,3398,2750,Alpha,Gamma,Alpha,Delta,3444,3294,9014,6807,8706,Delta,Yara Blake,Chen Haddad,2023-08-22 12:26:00,,,,,,,,,,,,,,Diego Calder
700576,100053,Customer Management,100486,Wellness Check-In,Final,N,N,Followed up on the open items from last week.,100484,Chen Larsson,Y,,8.7,9.1,100738,N,8.0,How is communication with your team?,Happy with the progress.,9.6,1.1,Beta,N,1.4,1.1,7.9,2.8,8.6,2.1,5.9,,,N,,100789,Skyler Calder,2024-04-29 20:19:00,noah.mercer@acme-fake.test,,2025-10-13 02:20:00,emerson.rossi@sampleco.test,Jordan Ivanov,,,Fatima Ivanov,omar.dorsey@sampleco.test,Diego Vance,omar.kim@acme-fake.test,Omar Ivanov,Beta,100281,N,Delta,chen.nguyen@sampleco.test,Casey Larsson,Y,8300,6655,3432,7289,Y,,,,,Discussed timeline and next steps with the account.,,diego.costa@acme-fake.test,,Resolved the outstanding question about scope.,priya.vance@acme-fake.test,skyler.ashby@demomail.test,Y,,,Delta,,,,,,2026-06-16 09:56:00,4792,348,Alpha,Beta,Standard,Standard,507,3733,9826,9069,1066,Gamma,Avery Nguyen,Emerson Sato,2023-12-12 22:18:00,,,,,,,,,,,,,,
700577,100165,Customer Management,100582,Wellness Check-In,Final,Y,N,Followed up on the open items from last week.,100470,Riley Cohen,N,,3.3,6.0,100538,N,9.4,How satisfied are you with the service?,Happy with the progress.,4.7,2.5,Standard,N,2.3,8.7,2.2,6.1,1.1,8.7,8.7,,,Y,,100546,Liam Whitfield,2025-11-28 23:45:00,fatima.sloan@examplecorp.test,,2025-02-05 16:15:00,nina.silva@demomail.test,Skyler Silva,,Standard,,reese.calder@demomail.test,Taylor Mercer,alex.sato@sampleco.test,Fatima Ivanov,Gamma,100215,Y,Gamma,marco.ashby@acme-fake.test,Fatima Dorsey,Y,5455,5249,5604,6373,N,,,,,Followed up on the open items from last week.,,liam.garcia@demomail.test,,Discussed timeline and next steps with the account.,morgan.costa@sampleco.test,priya.dorsey@acme-fake.test,N,,,,,,Liam Brooks,,,2024-05-18 16:43:00,8071,863,Delta,Alpha,Gamma,Standard,3754,1251,2977,4067,7597,Standard,Nina Vance,Reese Mensah,2023-11-22 02:42:00,,,,,,,,,2414,,,,,
700578,100527,Customer Management,100771,Wellness Check-In,Final,Y,Y,Noted a concern to revisit at the next sync.,100742,Reese Dorsey,Y,,3.9,1.8,100615,Y,7.1,Are deliverables meeting expectations?,Happy with the progress.,2.7,5.9,Other,Y,7.1,1.4,10.0,8.0,9.6,7.2,5.1,,,Y,,100771,Rahul Reyes,2024-01-30 10:26:00,marco.cohen@sampleco.test,,2023-06-24 03:00:00,riley.ivanov@examplecorp.test,,,,,emerson.blake@sampleco.test,Noah Sloan,yara.mercer@demomail.test,Avery Whitfield,Standard,100560,N,Alpha,mei.ashby@demomail.test,Rowan Vance,Y,7005,5411,3684,1287,N,,,,,Discussed timeline and next steps with the account.,,jamie.sato@sampleco.test,Delta,Reviewed performance and gathered feedback.,chen.larsson@demomail.test,rowan.costa@demomail.test,N,,,Standard,,,,Standard,,2025-01-20 02:01:00,7873,1698,Gamma,Beta,Beta,Beta,4343,1659,3260,3305,1719,Gamma,Drew Whitfield,Emerson Ivanov,2026-07-11 04:23:00,,,,,,,,,,,,,,
700579,100753,Resource Care,100383,Wellness Check-In,Final,N,N,Resolved the outstanding question about scope.,100197,Rahul Brooks,Y,,8.8,9.8,100554,N,9.4,How likely are you to continue the engagement?,Exceeding expectations.,5.1,3.1,Beta,N,3.4,9.4,9.8,7.1,5.7,1.3,9.1,,,Y,,100212,Elena Sloan,2025-02-03 01:24:00,marco.kim@sampleco.test,,2024-09-23 05:33:00,reese.blake@sampleco.test,Aisha Calder,,,,arjun.sato@demomail.test,Rowan Rossi,casey.okafor@demomail.test,Aisha Larsson,Alpha,100281,N,Alpha,rahul.calder@acme-fake.test,Nina Sloan,N,8453,4495,5982,3761,N,,,,,Noted a concern to revisit at the next sync.,,rowan.sloan@examplecorp.test,,Resolved the outstanding question about scope.,chen.larsson@examplecorp.test,reese.rossi@demomail.test,Y,Delta,Discussed timeline and next steps with the account.,,,,Jordan Cohen,,,2024-09-19 04:44:00,9127,3866,Gamma,Standard,Other,Other,5641,5744,140,633,320,Other,Mei Ivanov,Liam Larsson,2024-08-18 18:17:00,,,,,,,,,,,,,,
700580,100455,Resource Care,100122,Customer Success Check-In,Final,Y,Y,Discussed timeline and next steps with the account.,100582,Fatima Mensah,Y,,6.7,2.1,100106,N,4.5,How satisfied are you with the service?,Very satisfied overall.,4.1,3.9,Beta,Y,4.9,9.3,2.0,1.5,7.5,3.3,8.5,,,N,,100213,Morgan Blake,2024-03-14 18:23:00,fatima.garcia@sampleco.test,,2024-03-26 00:52:00,arjun.whitfield@sampleco.test,,,Standard,,avery.reyes@examplecorp.test,Mei Vance,priya.vance@examplecorp.test,Alex Whitfield,Standard,100456,Y,Gamma,liam.mercer@examplecorp.test,Sofia Larsson,Y,1634,5140,5796,3496,Y,Alpha,,,,Resolved the outstanding question about scope.,,nina.reyes@acme-fake.test,,Scheduled a check-in for the coming month.,rahul.haddad@acme-fake.test,marco.larsson@acme-fake.test,Y,,,,,Alpha,,Delta,,2023-11-18 20:23:00,1340,5869,Delta,Delta,Other,Beta,8445,7636,5024,8508,9999,Alpha,Sofia Garcia,Rowan Ford,2024-10-28 16:15:00,,,,,,,,,,,,,,
700581,100336,Customer Management,100400,Quarterly Review,Final,N,N,Resolved the outstanding question about scope.,100282,Reese Blake,N,,7.7,5.4,100613,Y,2.6,How likely are you to continue the engagement?,"Going well, minor tweaks needed.",8.1,6.8,Standard,N,6.3,6.5,7.7,2.3,6.9,8.6,8.1,,,N,,100333,Yara Calder,2025-08-20 21:00:00,riley.sato@acme-fake.test,,2026-06-18 03:20:00,elena.kim@sampleco.test,,,,Riley Whitfield,jamie.sato@examplecorp.test,Drew Larsson,diego.whitfield@acme-fake.test,Casey Larsson,Other,100188,Y,Alpha,jordan.ford@examplecorp.test,Jordan Sloan,Y,7434,5787,5785,6970,Y,,Other,,,Followed up on the open items from last week.,,riley.sato@sampleco.test,,Resolved the outstanding question about scope.,elena.reyes@demomail.test,taylor.ivanov@acme-fake.test,N,,Noted a concern to revisit at the next sync.,,,Other,,,,2025-12-28 18:54:00,2621,7481,Delta,Delta,Alpha,Other,6611,1200,4809,1926,2933,Other,Noah Blake,Alex Larsson,2024-07-13 17:40:00,,,,,,,,,,,,,,
700582,100224,Customer Management,100656,Customer Success Check-In,Final,Y,Y,Discussed timeline and next steps with the account.,100516,Skyler Reyes,N,,5.8,7.4,100368,Y,1.3,How satisfied are you with the service?,"Neutral, watching closely.",8.8,6.1,Beta,N,5.2,5.8,8.2,8.2,9.7,6.4,9.5,,,N,,100142,Omar Mensah,2025-01-01 01:31:00,noah.dorsey@demomail.test,,2025-11-25 01:11:00,morgan.mensah@demomail.test,,,,Morgan Patel,mei.sato@examplecorp.test,Omar Calder,avery.nguyen@sampleco.test,Aisha Garcia,Beta,100056,N,Alpha,omar.dorsey@demomail.test,Liam Blake,Y,7104,7117,6410,545,N,,,,,Noted a concern to revisit at the next sync.,,quinn.okafor@sampleco.test,,Aligned on billing and renewal terms.,priya.brooks@acme-fake.test,yara.ivanov@demomail.test,Y,,,,,,Taylor Ford,,,2023-03-10 19:56:00,5437,9553,Other,Other,Standard,Gamma,767,2367,1521,7526,3957,Alpha,Aisha Sato,Elena Costa,2024-11-23 16:14:00,,,,,,Standard,,,,,,,,
700583,100625,Customer Management,100020,Wellness Check-In,Final,Y,N,Scheduled a check-in for the coming month.,100486,Rahul Ivanov,Y,,8.5,2.7,100746,Y,3.7,How likely are you to continue the engagement?,Some concerns about turnaround time.,5.7,6.6,Other,Y,6.2,9.5,9.2,5.2,1.5,4.8,5.3,,,N,,100482,Chen Kim,2026-05-12 11:23:00,drew.calder@sampleco.test,,2023-10-09 15:46:00,fatima.okafor@sampleco.test,Marco Vance,,,,chen.garcia@demomail.test,Taylor Mensah,sofia.sloan@acme-fake.test,Taylor Mercer,Delta,100645,Y,Beta,quinn.vance@demomail.test,Quinn Sato,Y,6721,5575,7639,8113,Y,,,,,Shared the updated proposal for review.,,omar.ashby@demomail.test,,Reviewed performance and gathered feedback.,morgan.rossi@sampleco.test,rowan.ashby@demomail.test,Y,,Shared the updated proposal for review.,,,,,,,2025-11-14 01:19:00,5602,1566,Standard,Gamma,Delta,Other,8669,254,7541,4809,8214,Alpha,Casey Kim,Avery Calder,2025-04-07 15:16:00,,,,,,,,,46,,,,,
700584,100702,Resource Care,100760,Quarterly Review,Final,N,Y,Aligned on billing and renewal terms.,100213,Rowan Calder,N,,2.7,1.8,100009,Y,9.8,Any concerns we should address?,Exceeding expectations.,9.0,4.3,Alpha,N,8.6,8.0,5.8,9.8,9.8,8.1,5.0,,,N,,100322,Noah Larsson,2025-08-12 19:49:00,aisha.blake@sampleco.test,,2024-05-11 16:53:00,quinn.sloan@examplecorp.test,,,Standard,,skyler.okafor@acme-fake.test,Avery Mensah,fatima.brooks@examplecorp.test,Avery Brooks,Alpha,100359,Y,Alpha,aisha.okafor@examplecorp.test,Jamie Kim,N,9757,6745,4618,6452,Y,,,,,Scheduled a check-in for the coming month.,,yara.nguyen@demomail.test,Alpha,Followed up on the open items from last week.,noah.garcia@demomail.test,drew.mensah@acme-fake.test,Y,,Noted a concern to revisit at the next sync.,,,Gamma,Sofia Sato,,Beta,2023-02-11 06:08:00,831,4871,Delta,Delta,Gamma,Standard,3121,8507,5475,7910,5662,Other,Nina Haddad,Morgan Ford,2023-10-16 22:38:00,,,,,,,,,,,,,,
700585,100305,Customer Management,100684,Customer Success Check-In,Final,N,Y,Followed up on the open items from last week.,100254,Riley Mensah,N,,7.4,5.9,100542,N,9.5,How is communication with your team?,Happy with the progress.,8.2,6.5,Delta,Y,6.8,9.0,9.4,3.7,8.5,8.9,2.1,,,Y,,100454,Avery Ivanov,2025-09-04 04:05:00,casey.ford@demomail.test,,2024-07-13 07:34:00,arjun.haddad@acme-fake.test,,,,,emerson.ivanov@examplecorp.test,Rowan Cohen,omar.kim@examplecorp.test,Emerson Silva,Alpha,100750,Y,Gamma,avery.ashby@sampleco.test,Morgan Haddad,N,6625,6956,2724,1560,Y,,,,,Noted a concern to revisit at the next sync.,,elena.vance@acme-fake.test,,Aligned on billing and renewal terms.,morgan.ivanov@examplecorp.test,sofia.larsson@acme-fake.test,Y,Standard,Aligned on billing and renewal terms.,,,Alpha,,Standard,Delta,2025-04-16 01:45:00,3638,7433,Other,Beta,Other,Gamma,1631,7592,5931,6343,3299,Beta,Aisha Patel,Omar Silva,2025-09-01 21:28:00,,,,,,,,,,,,,,
700586,100029,Customer Management,100571,Quarterly Review,Final,Y,Y,Aligned on billing and renewal terms.,100113,Aisha Haddad,Y,,1.3,8.1,100094,N,1.8,How is communication with your team?,Some concerns about turnaround time.,6.8,4.1,Delta,Y,3.1,8.3,4.4,5.8,8.8,8.3,5.1,,,Y,,100793,Noah Patel,2022-11-29 17:56:00,priya.mensah@examplecorp.test,,2024-12-07 20:08:00,sofia.whitfield@acme-fake.test,,,Beta,,elena.okafor@examplecorp.test,Morgan Cohen,skyler.sato@examplecorp.test,Skyler Cohen,Standard,100345,N,Beta,chen.cohen@demomail.test,Drew Rossi,Y,1579,7729,3788,8994,Y,,,,,Aligned on billing and renewal terms.,,arjun.costa@sampleco.test,,Noted a concern to revisit at the next sync.,alex.blake@examplecorp.test,emerson.brooks@acme-fake.test,Y,,Followed up on the open items from last week.,,,,Taylor Dorsey,,,2023-03-16 22:57:00,8390,4430,Standard,Alpha,Delta,Gamma,6437,8452,2369,5715,5503,Alpha,Elena Ivanov,Marco Whitfield,2026-05-07 15:38:00,,,,,,,,,,,,,,
700587,100579,Resource Care,100242,Wellness Check-In,Final,Y,N,Resolved the outstanding question about scope.,100208,Casey Cohen,N,,2.1,1.2,100552,N,5.4,How satisfied are you with the service?,"Going well, minor tweaks needed.",8.0,3.3,Other,N,4.2,6.8,8.4,1.6,4.8,9.6,3.6,,,N,,100681,Arjun Cohen,2023-11-05 22:30:00,elena.blake@acme-fake.test,,2025-12-03 07:20:00,yara.cohen@acme-fake.test,,,,Priya Reyes,aisha.brooks@sampleco.test,Marco Calder,elena.ford@demomail.test,Morgan Sato,Other,100188,Y,Beta,omar.mensah@examplecorp.test,Jamie Costa,Y,6813,3385,7372,3454,Y,,,,,Aligned on billing and renewal terms.,,alex.larsson@examplecorp.test,,Resolved the outstanding question about scope.,priya.kim@sampleco.test,yara.sato@demomail.test,N,,Followed up on the open items from last week.,Beta,,,,Beta,,2024-11-18 02:02:00,1783,8876,Alpha,Gamma,Delta,Beta,3739,7428,1616,7123,6929,Beta,Quinn Ashby,Mei Whitfield,2023-09-05 11:35:00,,,,,,,,,,,,,,
700588,100616,Resource Care,100786,Wellness Check-In,Final,N,Y,Discussed timeline and next steps with the account.,100484,Omar Haddad,N,,6.3,8.8,100452,Y,2.7,How is communication with your team?,"Going well, minor tweaks needed.",6.8,5.5,Other,N,8.7,7.4,10.0,7.6,1.8,7.7,8.4,,,N,,100128,Marco Whitfield,2025-07-05 19:00:00,reese.ivanov@examplecorp.test,,2026-03-18 10:28:00,yara.sato@demomail.test,,,,,noah.calder@sampleco.test,Casey Mercer,skyler.costa@examplecorp.test,Omar Calder,Standard,100729,N,Beta,drew.ashby@demomail.test,Riley Mensah,N,6582,5980,1796,5534,N,,,,,Scheduled a check-in for the coming month.,,fatima.rossi@examplecorp.test,,Aligned on billing and renewal terms.,arjun.calder@examplecorp.test,riley.okafor@examplecorp.test,Y,,,,,Beta,Fatima Larsson,Beta,,2024-03-23 07:52:00,6686,3418,Other,Alpha,Alpha,Delta,2463,5614,740,3618,776,Alpha,Quinn Kim,Nina Costa,2025-08-18 13:52:00,,,,,,,,,,,,,,
700589,100494,Customer Management,100421,Quarterly Review,Final,Y,N,Noted a concern to revisit at the next sync.,100403,Nina Sloan,Y,,3.7,9.7,100631,Y,7.6,Any concerns we should address?,Exceeding expectations.,2.0,6.8,Alpha,Y,6.7,8.1,8.3,2.8,9.5,9.4,1.6,,,Y,,100470,Taylor Vance,2023-04-05 22:05:00,taylor.blake@sampleco.test,,2025-07-12 09:04:00,skyler.sloan@sampleco.test,Elena Sloan,,Standard,,emerson.costa@sampleco.test,Diego Okafor,alex.ashby@sampleco.test,Aisha Reyes,Beta,100744,N,Gamma,jordan.ashby@examplecorp.test,Rowan Garcia,Y,4191,7692,2941,9587,Y,,,,,Shared the updated proposal for review.,,quinn.ivanov@sampleco.test,,Discussed timeline and next steps with the account.,yara.rossi@demomail.test,sofia.vance@examplecorp.test,Y,,,Alpha,,,,,Other,2023-11-02 23:02:00,3487,3744,Delta,Delta,Beta,Beta,4768,3858,9719,9815,4970,Delta,Liam Cohen,Marco Blake,2025-12-09 15:36:00,,,,,,,,,,,,,,
700590,100104,Customer Management,100073,Wellness Check-In,Draft,Y,Y,Aligned on billing and renewal terms.,100462,Casey Mensah,Y,,7.7,3.9,100110,N,5.1,Any concerns we should address?,"Going well, minor tweaks needed.",9.1,2.6,Alpha,N,3.2,9.0,1.1,6.1,10.0,6.6,7.0,,,N,,100681,Emerson Dorsey,2024-03-20 19:32:00,casey.cohen@examplecorp.test,,2026-05-16 19:56:00,yara.blake@sampleco.test,,,,,taylor.ivanov@demomail.test,Rowan Mensah,fatima.cohen@sampleco.test,Omar Kim,Delta,100454,N,Standard,yara.costa@examplecorp.test,Skyler Kim,Y,1385,1127,4603,7098,Y,,,,,Noted a concern to revisit at the next sync.,,avery.dorsey@demomail.test,,Aligned on billing and renewal terms.,rowan.silva@acme-fake.test,nina.ashby@examplecorp.test,Y,,,,,,,,,2023-03-15 15:05:00,1751,8123,Other,Other,Delta,Alpha,3412,1698,6761,7566,756,Standard,Diego Kim,Elena Nguyen,2023-01-08 15:09:00,,,,,,,,,,,,,,
700591,100652,Customer Management,100579,Wellness Check-In,Final,Y,Y,Reviewed performance and gathered feedback.,100151,Rowan Larsson,Y,,5.5,3.2,100685,N,4.4,Are deliverables meeting expectations?,Some concerns about turnaround time.,2.0,4.0,Delta,N,1.9,3.7,4.8,8.8,6.6,3.9,9.4,,,Y,,100579,Rahul Garcia,2025-11-14 22:42:00,fatima.patel@demomail.test,,2023-11-26 01:36:00,emerson.mensah@examplecorp.test,,,,,riley.blake@sampleco.test,Alex Sloan,jordan.blake@acme-fake.test,Diego Haddad,Beta,100637,Y,Standard,skyler.dorsey@examplecorp.test,Morgan Sloan,Y,6051,8984,3160,6408,N,,Delta,,,Resolved the outstanding question about scope.,Nina Blake,sofia.dorsey@examplecorp.test,,Noted a concern to revisit at the next sync.,quinn.kim@sampleco.test,jordan.patel@sampleco.test,N,,Noted a concern to revisit at the next sync.,,Standard,,,Other,Standard,2026-07-22 03:27:00,3871,4345,Delta,Alpha,Alpha,Delta,7890,747,8539,8057,1376,Beta,Casey Cohen,Yara Silva,2023-10-15 20:33:00,,,,,,,,,,,7790,Beta,,
700592,100097,Resource Care,100158,Quarterly Review,Final,N,Y,Reviewed performance and gathered feedback.,100516,Nina Whitfield,Y,,2.7,4.2,100398,Y,7.2,Any concerns we should address?,"Neutral, watching closely.",3.4,9.4,Gamma,Y,9.0,5.0,3.8,4.9,5.9,9.9,3.4,,,N,,100200,Casey Nguyen,2024-09-29 21:23:00,arjun.brooks@demomail.test,,2026-02-13 05:03:00,omar.ivanov@sampleco.test,,,,,emerson.silva@examplecorp.test,Fatima Sloan,reese.vance@acme-fake.test,Avery Ford,Gamma,100353,Y,Gamma,morgan.silva@acme-fake.test,Omar Blake,Y,9252,7661,1518,3206,Y,,,,,Resolved the outstanding question about scope.,,chen.ivanov@sampleco.test,,Resolved the outstanding question about scope.,riley.kim@acme-fake.test,sofia.mensah@demomail.test,N,,,,Alpha,,Priya Haddad,,,2024-05-13 15:14:00,2449,9053,Standard,Beta,Delta,Beta,1339,2205,8205,3386,8657,Other,Casey Brooks,Taylor Ashby,2025-04-22 11:52:00,,,Other,,,,,,,,,,,
700593,100177,Customer Management,100479,Quarterly Review,Final,Y,Y,Resolved the outstanding question about scope.,100410,Mei Dorsey,Y,,6.2,6.1,100132,Y,5.4,How likely are you to continue the engagement?,Happy with the progress.,9.8,6.5,Beta,Y,4.0,4.5,6.1,3.6,5.4,4.4,1.8,,,N,,100076,Morgan Patel,2024-02-09 23:33:00,fatima.kim@acme-fake.test,,2023-03-03 06:59:00,casey.costa@sampleco.test,,,,,taylor.garcia@examplecorp.test,Yara Costa,nina.costa@demomail.test,Morgan Blake,Delta,100418,Y,Gamma,sofia.ford@demomail.test,Yara Whitfield,Y,4237,4399,3391,6765,Y,,,,,Scheduled a check-in for the coming month.,,fatima.mercer@acme-fake.test,,Followed up on the open items from last week.,casey.cohen@sampleco.test,jamie.garcia@examplecorp.test,Y,,Scheduled a check-in for the coming month.,,,Standard,,,,2022-12-31 07:44:00,7064,7645,Other,Alpha,Other,Gamma,487,4301,8853,9279,38,Beta,Riley Nguyen,Priya Mercer,2023-01-22 20:25:00,,,,,,,,,,,,,,
700594,100569,Customer Management,100470,Wellness Check-In,Final,N,Y,Followed up on the open items from last week.,100069,Riley Ford,N,,9.3,3.3,100066,N,3.8,How satisfied are you with the service?,Happy with the progress.,1.5,7.7,Delta,Y,6.1,7.9,4.9,5.3,3.4,5.7,1.6,,,Y,,100598,Nina Okafor,2025-07-21 04:59:00,rahul.garcia@sampleco.test,,2024-12-22 21:05:00,alex.silva@demomail.test,,,Other,,sofia.okafor@demomail.test,Omar Sato,liam.mensah@sampleco.test,Riley Costa,Beta,100044,Y,Gamma,jamie.larsson@demomail.test,Noah Okafor,Y,4623,6886,4278,9304,N,,,,,Reviewed performance and gathered feedback.,,emerson.blake@sampleco.test,,Resolved the outstanding question about scope.,jamie.rossi@examplecorp.test,quinn.patel@demomail.test,Y,Alpha,,Alpha,,,Aisha Sato,,,2023-01-10 19:32:00,2607,1208,Alpha,Beta,Beta,Standard,7442,4399,3954,3703,344,Standard,Elena Sloan,Drew Vance,2025-09-28 13:32:00,,,,,,,8192,,1003,,,,,
700595,100563,Customer Management,100227,Customer Success Check-In,Final,N,N,Shared the updated proposal for review.,100546,Elena Sloan,Y,,1.1,6.9,100003,Y,2.8,How likely are you to continue the engagement?,"Neutral, watching closely.",6.9,2.2,Alpha,Y,7.9,1.8,5.5,9.5,8.7,8.4,6.1,,,N,,100106,Quinn Calder,2023-07-28 11:50:00,elena.mercer@examplecorp.test,,2025-09-12 14:15:00,aisha.reyes@sampleco.test,Riley Brooks,,,Quinn Vance,riley.reyes@sampleco.test,Taylor Whitfield,sofia.reyes@demomail.test,Elena Sloan,Delta,100760,N,Alpha,omar.vance@demomail.test,Jordan Mensah,N,2808,6598,6361,6470,N,,,,,Aligned on billing and renewal terms.,,diego.ashby@examplecorp.test,,Aligned on billing and renewal terms.,alex.blake@acme-fake.test,rowan.nguyen@acme-fake.test,N,,Noted a concern to revisit at the next sync.,,,,Morgan Kim,,Gamma,2023-01-25 15:27:00,9835,1728,Gamma,Gamma,Gamma,Gamma,2383,5991,8712,153,6377,Delta,Reese Mercer,Riley Cohen,2022-10-28 22:04:00,,,,,,,,,1667,,,,,
700596,100755,Resource Care,100348,Quarterly Review,Final,Y,Y,Shared the updated proposal for review.,100310,Rahul Sloan,Y,,9.2,6.0,100282,N,1.7,Any concerns we should address?,Happy with the progress.,7.1,2.6,Beta,Y,9.4,1.3,5.3,9.3,9.5,6.2,5.9,,,N,,100526,Omar Okafor,2023-01-28 18:22:00,casey.ashby@sampleco.test,,2025-05-08 12:11:00,rowan.rossi@examplecorp.test,,,,,nina.rossi@demomail.test,Skyler Patel,aisha.kim@acme-fake.test,Marco Haddad,Gamma,100290,Y,Other,riley.vance@acme-fake.test,Chen Reyes,N,4409,2861,5691,2776,N,,,,,Reviewed performance and gathered feedback.,,jamie.costa@examplecorp.test,,Noted a concern to revisit at the next sync.,marco.haddad@examplecorp.test,fatima.blake@sampleco.test,Y,,Scheduled a check-in for the coming month.,Standard,,,Quinn Rossi,Alpha,,2023-10-10 23:58:00,7521,9173,Delta,Delta,Delta,Alpha,3889,4912,3866,1233,728,Standard,Yara Sato,Reese Rossi,2022-12-04 18:54:00,,,,,,Delta,,,,,,,,
700597,100017,Resource Care,100628,Quarterly Review,Final,N,N,Followed up on the open items from last week.,100596,Jamie Mensah,Y,,9.7,2.7,100386,Y,1.4,How is communication with your team?,"Going well, minor tweaks needed.",9.5,6.8,Gamma,Y,7.5,1.1,6.1,9.2,3.3,6.1,7.3,,,Y,,100255,Marco Haddad,2026-02-22 23:34:00,liam.garcia@acme-fake.test,,2024-08-02 22:33:00,mei.garcia@acme-fake.test,,,,,sofia.rossi@examplecorp.test,Taylor Cohen,omar.ford@demomail.test,Skyler Sato,Alpha,100684,Y,Standard,rowan.mercer@sampleco.test,Avery Brooks,Y,7676,8747,997,6514,N,,,,,Reviewed performance and gathered feedback.,,chen.cohen@sampleco.test,,Discussed timeline and next steps with the account.,fatima.ashby@acme-fake.test,mei.mensah@sampleco.test,Y,,,,,,,Other,,2025-10-10 18:12:00,5241,73,Standard,Gamma,Other,Gamma,3922,474,7505,9220,9284,Alpha,Arjun Reyes,Liam Vance,2025-07-03 07:30:00,,,,,,,,,,,,,,
700598,100209,Resource Care,100523,Quarterly Review,Final,N,N,Shared the updated proposal for review.,100186,Skyler Costa,Y,,4.5,3.1,100565,Y,5.3,How is communication with your team?,Very satisfied overall.,5.9,6.4,Delta,Y,3.9,5.9,4.2,7.1,7.7,9.3,5.8,,,Y,,100513,Arjun Dorsey,2026-03-08 20:15:00,yara.nguyen@sampleco.test,,2023-08-30 06:49:00,rahul.ashby@sampleco.test,,,,,arjun.haddad@acme-fake.test,Aisha Mensah,noah.ashby@demomail.test,Taylor Rossi,Standard,100487,Y,Gamma,alex.blake@acme-fake.test,Nina Okafor,Y,1064,3494,7577,6915,Y,,,Gamma,,Discussed timeline and next steps with the account.,,avery.dorsey@sampleco.test,,Scheduled a check-in for the coming month.,marco.ashby@acme-fake.test,riley.cohen@examplecorp.test,N,,Shared the updated proposal for review.,Standard,,,,,,2023-08-13 04:46:00,6671,7563,Delta,Gamma,Alpha,Delta,6825,3645,7075,8148,2099,Other,Reese Patel,Morgan Silva,2025-09-11 01:06:00,,,,,,,,,,,,,,
700599,100573,Customer Management,100588,Wellness Check-In,Final,Y,N,Noted a concern to revisit at the next sync.,100723,Jamie Blake,Y,,5.1,4.3,100631,N,6.7,Any concerns we should address?,"Neutral, watching closely.",2.5,6.1,Gamma,N,1.1,3.6,7.7,2.1,9.6,8.8,3.0,,,N,,100518,Marco Calder,2022-10-23 10:49:00,aisha.okafor@examplecorp.test,,2025-07-15 16:05:00,arjun.costa@acme-fake.test,Jordan Calder,,,,noah.garcia@examplecorp.test,Emerson Sloan,quinn.ivanov@examplecorp.test,Casey Mensah,Standard,100509,Y,Gamma,diego.okafor@acme-fake.test,Mei Mensah,Y,5441,5004,1223,2172,N,,,,,Noted a concern to revisit at the next sync.,,morgan.vance@examplecorp.test,,Aligned on billing and renewal terms.,fatima.nguyen@sampleco.test,arjun.haddad@sampleco.test,Y,,Noted a concern to revisit at the next sync.,,,,,,,2023-02-05 10:43:00,4034,3432,Standard,Other,Other,Other,6799,5078,1823,698,9441,Alpha,Nina Dorsey,Fatima Haddad,2024-09-24 23:11:00,4629,7704,,,,,,,,,,,,
700600,100126,Customer Management,100720,Wellness Check-In,Draft,N,Y,Shared the updated proposal for review.,100280,Aisha Rossi,Y,,8.3,3.7,100242,Y,9.5,Are deliverables meeting expectations?,Happy with the progress.,7.9,9.7,Alpha,Y,5.4,1.6,8.4,9.9,1.4,2.1,9.2,,,Y,,100560,Morgan Patel,2023-02-12 03:31:00,fatima.larsson@sampleco.test,,2023-05-25 10:34:00,priya.ford@sampleco.test,Alex Okafor,,,Elena Mercer,quinn.sato@examplecorp.test,Skyler Costa,rowan.calder@demomail.test,Skyler Reyes,Beta,100037,N,Gamma,rahul.dorsey@sampleco.test,Jordan Costa,N,5488,6467,5415,9744,Y,,,,,Discussed timeline and next steps with the account.,,rowan.vance@examplecorp.test,,Noted a concern to revisit at the next sync.,casey.ford@sampleco.test,riley.brooks@demomail.test,N,,,,,Beta,,,,2023-11-11 20:14:00,897,6600,Beta,Delta,Standard,Delta,7421,1487,6725,3155,6792,Standard,Priya Vance,Taylor Nguyen,2025-09-17 06:27:00,,,,,,,,,,,,,,
